0 -74
0.01 -75
0.02 -73
0.03 -74
0.04 -73
0.05 -74
0.06 -72
0.07 -73
0.08 -72
0.1 -72
0.1 -72
0.11 -74
0.12 -73
0.13 -74
0.15 -72
0.16 -74
0.17 -74
0.18 -74
0.19 -75
0.2 -73
0.21 -76
0.22 -74
0.23 -74
0.24 -73
0.25 -74
0.26 -73
0.27 -74
0.28 -73
0.29 -74
0.3 -73
0.31 -72
0.32 -72
0.33 -72
0.34 -72
0.35 -73
0.36 -73
0.37 -71
0.38 -73
0.39 -73
0.4 -72
0.41 -72
0.42 -71
0.43 -71
0.44 -71
0.45 -70
0.46 -71
0.47 -71
0.48 -70
0.49 -71
0.5 -70
0.51 -69
0.52 -71
0.53 -70
0.54 -69
0.55 -70
0.56 -71
0.58 -71
0.59 -71
0.6 -70
0.61 -70
0.62 -70
0.63 -70
0.64 -70
0.65 -69
0.66 -70
0.67 -69
0.68 -69
0.69 -70
0.7 -69
0.71 -69
0.72 -70
0.73 -70
0.74 -69
0.75 -69
0.76 -71
0.77 -70
0.78 -70
0.79 -71
0.8 -69
0.81 -71
0.82 -70
0.83 -70
0.84 -70
0.85 -69
0.86 -70
0.87 -70
0.88 -69
0.89 -70
0.9 -70
0.91 -70
0.92 -70
0.93 -70
0.94 -71
0.95 -69
0.96 -70
0.97 -71
0.98 -70
1.0 -70
1.01 -69
1.02 -70
1.03 -70
1.04 -69
1.05 -70
1.06 -70
1.07 -70
1.08 -71
1.09 -70
1.1 -71
1.11 -71
1.12 -71
1.13 -71
1.14 -71
1.15 -70
1.16 -71
1.17 -70
1.18 -70
1.19 -72
1.2 -71
1.21 -72
1.22 -71
1.23 -70
1.24 -70
1.25 -71
1.26 -71
1.27 -71
1.28 -70
1.29 -70
1.3 -70
1.31 -70
1.32 -70
1.33 -71
1.34 -70
1.35 -71
1.36 -70
1.37 -70
1.38 -70
1.39 -71
1.4 -72
1.42 -70
1.42 -69
1.44 -71
1.45 -70
1.46 -71
1.47 -70
1.48 -71
1.49 -71
1.5 -71
1.51 -71
1.52 -70
1.53 -71
1.54 -71
1.55 -71
1.56 -70
1.57 -71
1.58 -70
1.59 -71
1.6 -71
1.61 -70
1.62 -70
1.63 -72
1.64 -71
1.65 -71
1.66 -71
1.67 -71
1.68 -71
1.69 -70
1.7 -71
1.71 -70
1.72 -70
1.73 -70
1.74 -70
1.75 -71
1.76 -71
1.77 -70
1.78 -70
1.79 -70
1.8 -70
1.81 -72
1.82 -72
1.83 -71
1.85 -72
1.85 -72
1.87 -71
1.88 -72
1.89 -72
1.9 -72
1.91 -73
1.92 -72
1.93 -71
1.94 -72
1.95 -72
1.96 -72
1.97 -71
1.98 -72
1.99 -71
2.02 -71
2.03 -70
2.03 -71
2.03 -71
2.04 -71
2.05 -71
2.06 -71
2.07 -71
2.08 -70
2.09 -71
2.1 -70
2.11 -71
2.12 -71
2.13 -70
2.14 -70
2.15 -70
2.17 -70
2.18 -72
2.19 -71
2.2 -71
2.21 -72
2.22 -72
2.23 -71
2.24 -71
2.25 -72
2.26 -71
2.27 -71
2.29 -71
2.3 -71
2.31 -71
2.32 -71
2.33 -71
2.34 -72
2.35 -71
2.36 -71
2.37 -70
2.38 -72
2.39 -71
2.4 -71
2.41 -72
2.42 -72
2.43 -72
2.44 -71
2.45 -71
2.46 -71
2.47 -71
2.48 -71
2.49 -70
2.5 -72
2.51 -71
2.52 -70
2.53 -72
2.54 -71
2.55 -70
2.56 -71
2.57 -71
2.58 -71
2.59 -71
2.6 -70
2.61 -72
2.62 -71
2.63 -70
2.64 -71
2.65 -72
2.66 -71
2.67 -70
2.68 -70
2.69 -70
2.71 -70
2.72 -71
2.73 -71
2.74 -70
2.75 -70
2.76 -70
2.77 -71
2.78 -71
2.79 -71
2.8 -71
2.81 -70
2.82 -71
2.83 -69
2.84 -71
2.85 -70
2.86 -71
2.87 -71
2.88 -70
2.89 -71
2.9 -70
2.91 -70
2.92 -70
2.93 -70
2.94 -70
2.95 -70
2.96 -70
2.97 -70
2.98 -70
2.99 -71
3.0 -69
3.01 -71
3.02 -70
3.03 -68
3.04 -71
3.05 -70
3.06 -70
3.07 -71
3.08 -71
3.09 -71
3.1 -70
3.12 -70
3.12 -71
3.14 -70
3.15 -71
3.16 -71
3.17 -70
3.18 -71
3.19 -70
3.2 -69
3.21 -70
3.22 -71
3.23 -71
3.24 -69
3.25 -69
3.26 -71
3.27 -70
3.28 -71
3.29 -71
3.3 -70
3.31 -70
3.32 -72
3.33 -70
3.34 -70
3.35 -71
3.36 -71
3.37 -71
3.38 -70
3.39 -71
3.4 -71
3.41 -70
3.42 -70
3.43 -70
3.44 -69
3.45 -69
3.46 -71
3.47 -69
3.48 -70
3.49 -71
3.5 -69
3.51 -70
3.52 -70
3.53 -71
3.54 -70
3.55 -70
3.57 -69
3.58 -70
3.59 -71
3.6 -70
3.61 -69
3.62 -71
3.63 -70
3.64 -71
3.65 -70
3.66 -71
3.67 -70
3.68 -70
3.69 -71
3.7 -70
3.71 -70
3.72 -70
3.73 -70
3.74 -71
3.75 -70
3.76 -70
3.77 -69
3.78 -70
3.79 -70
3.8 -68
3.81 -70
3.82 -69
3.83 -69
3.84 -70
3.85 -69
3.86 -70
3.87 -71
3.88 -71
3.89 -71
3.9 -71
3.91 -71
3.92 -71
3.93 -69
3.94 -70
3.95 -69
3.96 -70
3.97 -70
3.98 -70
4.0 -71
4.01 -68
4.02 -70
4.03 -71
4.04 -71
4.05 -71
4.06 -70
4.07 -70
4.08 -71
4.09 -70
4.1 -70
4.11 -71
4.12 -71
4.13 -71
4.14 -71
4.15 -70
4.16 -70
4.17 -71
4.18 -70
4.19 -71
4.2 -71
4.21 -68
4.22 -70
4.23 -70
4.24 -70
4.25 -71
4.26 -71
4.27 -70
4.28 -69
4.29 -70
4.3 -70
4.31 -67
4.32 -69
4.33 -69
4.34 -70
4.35 -71
4.36 -71
4.37 -71
4.38 -71
4.39 -70
4.4 -70
4.42 -71
4.43 -70
4.44 -70
4.45 -71
4.46 -70
4.47 -72
4.48 -71
4.49 -72
4.5 -71
4.51 -70
4.52 -69
4.53 -70
4.54 -71
4.55 -70
4.56 -71
4.57 -70
4.58 -70
4.59 -71
4.6 -69
4.61 -70
4.62 -70
4.63 -71
4.64 -71
4.65 -70
4.66 -69
4.67 -69
4.68 -69
4.69 -70
4.7 -69
4.71 -71
4.72 -69
4.73 -68
4.78 -69
4.79 -70
4.79 -70
4.79 -70
4.8 -70
4.8 -69
4.8 -70
4.81 -70
4.82 -69
4.83 -69
4.85 -70
4.86 -69
4.87 -70
4.88 -70
4.89 -70
4.9 -70
4.91 -70
4.92 -70
4.93 -71
4.94 -71
4.95 -70
4.96 -70
4.97 -70
4.98 -70
4.99 -70
5.0 -70
5.01 -70
5.02 -68
5.03 -70
5.04 -70
5.05 -69
5.06 -72
5.07 -69
5.08 -70
5.09 -71
5.1 -69
5.11 -70
5.12 -70
5.13 -71
5.14 -70
5.15 -71
5.16 -71
5.17 -70
5.18 -69
5.19 -69
5.2 -70
5.21 -70
5.22 -70
5.23 -70
5.24 -71
5.25 -71
5.26 -69
5.28 -69
5.29 -69
5.3 -71
5.31 -70
5.32 -71
5.33 -70
5.34 -70
5.35 -70
5.36 -70
5.37 -70
5.38 -71
5.39 -70
5.4 -71
5.41 -71
5.42 -71
5.43 -72
5.44 -71
5.45 -69
5.46 -72
5.47 -71
5.48 -71
5.49 -69
5.5 -69
5.51 -70
5.52 -70
5.53 -71
5.54 -71
5.55 -69
5.56 -70
5.57 -70
5.58 -70
5.59 -70
5.6 -70
5.61 -69
5.62 -70
5.63 -70
5.64 -70
5.65 -69
5.66 -70
5.67 -71
5.68 -69
5.7 -70
5.71 -70
5.72 -70
5.73 -71
5.74 -70
5.75 -72
5.76 -70
5.77 -67
5.78 -70
5.79 -70
5.8 -70
5.81 -70
5.82 -71
5.83 -70
5.84 -70
5.85 -71
5.86 -71
5.87 -72
5.88 -72
5.89 -71
5.9 -69
5.91 -72
5.92 -71
5.93 -71
5.94 -70
5.95 -71
5.96 -72
5.97 -71
5.98 -72
5.99 -72
6.0 -70
6.01 -72
6.02 -72
6.03 -71
6.04 -71
6.05 -71
6.06 -72
6.08 -73
6.09 -71
6.1 -74
6.11 -69
6.12 -72
6.13 -73
6.14 -72
6.15 -72
6.16 -72
6.17 -72
6.18 -72
6.19 -71
6.2 -71
6.21 -72
6.22 -69
6.23 -72
6.24 -72
6.25 -71
6.26 -71
6.27 -70
6.28 -71
6.29 -71
6.3 -70
6.31 -71
6.32 -70
6.33 -71
6.34 -71
6.35 -70
6.36 -70
6.37 -71
6.38 -71
6.39 -70
6.4 -71
6.41 -71
6.42 -72
6.43 -71
6.44 -70
6.45 -71
6.46 -69
6.47 -72
6.48 -72
6.49 -73
6.5 -72
6.51 -73
6.52 -72
6.54 -70
6.55 -73
6.56 -71
6.57 -69
6.58 -70
6.59 -71
6.6 -71
6.61 -70
6.62 -71
6.63 -71
6.64 -71
6.65 -70
6.66 -71
6.67 -70
6.68 -69
6.69 -70
6.7 -70
6.71 -71
6.72 -70
6.73 -70
6.74 -69
6.75 -70
6.76 -70
6.77 -70
6.78 -71
6.79 -71
6.8 -71
6.81 -72
6.82 -71
6.83 -71
6.84 -72
6.85 -71
6.86 -73
6.87 -71
6.88 -71
6.89 -71
6.9 -72
6.91 -72
6.92 -71
6.93 -70
6.94 -71
6.95 -71
6.96 -72
6.98 -69
6.99 -70
7.0 -70
7.01 -70
7.02 -73
7.03 -70
7.04 -71
7.05 -71
7.06 -71
7.07 -71
7.08 -68
7.09 -70
7.1 -70
7.11 -70
7.12 -69
7.13 -71
7.14 -71
7.15 -70
7.16 -70
7.17 -69
7.18 -70
7.19 -69
7.2 -69
7.25 -69
7.26 -70
7.26 -69
7.27 -69
7.27 -70
7.27 -71
7.28 -71
7.28 -70
7.29 -70
7.3 -70
7.31 -70
7.32 -70
7.33 -69
7.34 -70
7.35 -70
7.36 -70
7.37 -69
7.38 -69
7.39 -71
7.41 -70
7.42 -70
7.43 -72
7.44 -70
7.45 -71
7.46 -71
7.47 -70
7.48 -71
7.49 -69
7.5 -70
7.51 -71
7.52 -71
7.53 -70
7.54 -70
7.55 -70
7.56 -70
7.57 -69
7.58 -69
7.59 -70
7.6 -70
7.61 -71
7.62 -71
7.63 -69
7.64 -71
7.65 -70
7.66 -70
7.67 -70
7.68 -70
7.69 -70
7.7 -69
7.71 -70
7.72 -69
7.73 -70
7.74 -70
7.75 -69
7.76 -68
7.77 -71
7.78 -70
7.79 -68
7.8 -69
7.81 -70
7.82 -69
7.84 -69
7.85 -68
7.86 -68
7.87 -69
7.88 -70
7.89 -70
7.9 -70
7.91 -69
7.92 -71
7.93 -71
7.94 -70
7.95 -69
7.96 -71
7.97 -70
7.98 -71
7.99 -71
8.0 -69
8.01 -72
8.02 -70
8.03 -72
8.04 -71
8.05 -71
8.06 -71
8.07 -70
8.08 -70
8.09 -70
8.1 -70
8.11 -70
8.12 -71
8.13 -70
8.14 -70
8.15 -71
8.16 -71
8.17 -71
8.18 -71
8.19 -70
8.2 -69
8.21 -71
8.22 -71
8.23 -70
8.24 -71
8.26 -71
8.27 -71
8.28 -70
8.29 -72
8.3 -70
8.31 -71
8.32 -70
8.33 -72
8.34 -70
8.35 -71
8.36 -71
8.37 -70
8.38 -71
8.39 -72
8.4 -72
8.41 -71
8.42 -71
8.43 -72
8.44 -70
8.45 -72
8.46 -71
8.47 -71
8.48 -70
8.49 -71
8.5 -71
8.51 -71
8.52 -72
8.53 -71
8.54 -71
8.55 -72
8.56 -71
8.57 -72
8.58 -72
8.59 -71
8.6 -71
8.61 -71
8.62 -72
8.63 -73
8.64 -72
8.65 -73
8.66 -72
8.67 -72
8.69 -72
8.7 -72
8.71 -71
8.72 -72
8.73 -72
8.74 -70
8.75 -73
8.76 -72
8.77 -73
8.78 -72
8.79 -73
8.8 -72
8.81 -72
8.82 -70
8.83 -72
8.84 -72
8.85 -72
8.86 -72
8.87 -72
8.88 -73
8.89 -71
8.9 -72
8.91 -72
8.92 -70
8.93 -72
8.94 -72
8.95 -73
8.96 -72
8.97 -72
8.98 -72
8.99 -71
9.0 -72
9.01 -71
9.02 -72
9.03 -72
9.04 -72
9.05 -73
9.06 -72
9.07 -74
9.09 -72
9.09 -71
9.11 -71
9.12 -72
9.13 -71
9.14 -70
9.15 -72
9.16 -73
9.17 -72
9.18 -71
9.19 -70
9.2 -72
9.21 -71
9.22 -72
9.23 -72
9.24 -72
9.25 -72
9.26 -72
9.27 -71
9.28 -71
9.29 -71
9.3 -72
9.31 -71
9.32 -72
9.33 -71
9.34 -72
9.35 -71
9.36 -72
9.37 -71
9.38 -68
9.39 -71
9.4 -71
9.41 -71
9.42 -72
9.43 -71
9.44 -71
9.45 -69
9.46 -72
9.47 -70
9.48 -69
9.49 -71
9.5 -72
9.51 -72
9.52 -71
9.54 -71
9.55 -71
9.56 -70
9.57 -70
9.58 -71
9.59 -71
9.6 -70
9.61 -71
9.62 -70
9.63 -72
9.64 -72
9.65 -71
9.66 -70
9.67 -73
9.68 -72
9.69 -73
9.7 -72
9.71 -72
9.72 -71
9.73 -71
9.74 -72
9.75 -72
9.76 -71
9.77 -70
9.78 -72
9.79 -70
9.8 -70
9.81 -72
9.82 -71
9.83 -71
9.84 -71
9.85 -71
9.86 -71
9.87 -71
9.88 -72
9.89 -69
9.9 -70
9.91 -71
9.92 -72
9.93 -71
9.94 -70
9.96 -70
9.97 -70
9.98 -71
9.99 -71
10.0 -70
10.01 -71
10.02 -70
10.03 -72
10.1 -71
10.1 -71
10.1 -71
10.11 -71
10.11 -70
10.11 -71
10.12 -70
10.12 -71
10.13 -71
10.13 -69
10.14 -71
10.15 -70
10.16 -71
10.17 -70
10.18 -70
10.19 -70
10.2 -71
10.21 -71
10.22 -71
10.23 -70
10.24 -71
10.25 -71
10.26 -70
10.27 -71
10.28 -72
10.29 -70
10.3 -71
10.31 -71
10.32 -71
10.33 -71
10.34 -71
10.35 -70
10.36 -71
10.37 -71
10.38 -70
10.4 -71
10.41 -71
10.42 -70
10.43 -71
10.44 -71
10.45 -71
10.46 -70
10.47 -71
10.48 -72
10.49 -71
10.5 -71
10.51 -71
10.52 -71
10.53 -70
10.54 -72
10.55 -71
10.56 -69
10.57 -70
10.58 -72
10.59 -70
10.6 -71
10.61 -72
10.62 -71
10.63 -71
10.64 -71
10.65 -70
10.66 -71
10.67 -69
10.68 -72
10.69 -70
10.7 -72
10.71 -73
10.72 -72
10.73 -70
10.74 -72
10.75 -71
10.76 -71
10.77 -70
10.78 -70
10.79 -71
10.8 -70
10.82 -71
10.83 -71
10.84 -71
10.85 -70
10.86 -72
10.87 -69
10.88 -71
10.89 -70
10.9 -71
10.91 -71
10.92 -72
10.93 -71
10.94 -71
10.95 -73
10.96 -71
10.97 -69
10.98 -71
10.99 -71
11.0 -73
11.01 -71
11.02 -71
11.03 -71
11.04 -72
11.05 -72
11.06 -72
11.07 -73
11.08 -72
11.09 -73
11.1 -72
11.11 -73
11.12 -72
11.13 -73
11.14 -71
11.15 -72
11.16 -73
11.17 -70
11.18 -72
11.19 -72
11.2 -71
11.21 -72
11.22 -72
11.24 -71
11.25 -72
11.26 -72
11.27 -72
11.28 -70
11.29 -71
11.3 -71
11.31 -72
11.32 -72
11.33 -72
11.34 -71
11.35 -72
11.36 -71
11.37 -71
11.38 -70
11.39 -70
11.4 -71
11.41 -72
11.42 -73
11.43 -72
11.44 -72
11.45 -72
11.46 -71
11.47 -72
11.48 -71
11.49 -73
11.5 -73
11.51 -71
11.52 -73
11.53 -72
11.54 -71
11.55 -72
11.56 -71
11.57 -72
11.58 -71
11.59 -72
11.6 -74
11.61 -72
11.62 -71
11.63 -72
11.64 -71
11.65 -70
11.66 -73
11.68 -71
11.69 -68
11.7 -73
11.71 -71
11.72 -71
11.73 -73
11.74 -71
11.75 -73
11.76 -71
11.77 -71
11.78 -70
11.79 -71
11.8 -71
11.81 -72
11.82 -72
11.83 -71
11.84 -71
11.85 -72
11.86 -72
11.87 -71
11.88 -72
11.89 -69
11.9 -72
11.91 -73
11.92 -72
11.93 -73
11.94 -73
11.95 -72
11.96 -73
11.97 -72
11.98 -72
11.99 -73
12.0 -73
12.01 -73
12.02 -71
12.03 -71
12.04 -71
12.05 -71
12.06 -72
12.07 -73
12.08 -72
12.1 -71
12.11 -69
12.12 -72
12.13 -72
12.14 -71
12.15 -71
12.16 -71
12.17 -72
12.18 -70
12.19 -71
12.2 -70
12.21 -70
12.22 -71
12.23 -70
12.24 -70
12.25 -71
12.26 -71
12.27 -71
12.28 -71
12.29 -70
12.3 -71
12.31 -70
12.32 -70
12.33 -70
12.34 -71
12.35 -69
12.36 -69
12.37 -69
12.38 -69
12.39 -69
12.4 -69
12.41 -71
12.42 -70
12.43 -70
12.44 -71
12.47 -71
12.48 -71
12.49 -71
12.5 -71
12.51 -72
12.53 -72
12.54 -71
12.55 -73
12.56 -71
12.57 -72
12.58 -70
12.59 -72
12.6 -71
12.61 -71
12.62 -72
12.63 -72
12.64 -72
12.65 -71
12.66 -71
12.67 -70
12.68 -69
12.69 -69
12.7 -71
12.71 -69
12.72 -70
12.73 -69
12.74 -71
12.75 -70
12.76 -69
12.77 -70
12.78 -71
12.79 -71
12.8 -71
12.81 -71
12.82 -70
12.83 -70
12.84 -70
12.85 -70
12.86 -72
12.87 -71
12.88 -70
12.89 -72
12.9 -72
12.91 -72
12.92 -72
12.93 -72
12.94 -72
12.96 -70
12.97 -70
12.98 -69
12.99 -69
13.0 -70
13.01 -69
13.02 -71
13.03 -71
13.04 -72
13.05 -71
13.06 -70
13.07 -71
13.08 -71
13.09 -71
13.1 -73
13.11 -71
13.12 -72
13.13 -72
13.14 -72
13.15 -73
13.16 -74
13.17 -73
13.18 -73
13.19 -73
13.2 -72
13.21 -73
13.22 -74
13.23 -73
13.24 -73
13.25 -73
13.26 -75
13.27 -73
13.28 -73
13.29 -73
13.31 -74
13.31 -73
13.33 -73
13.34 -73
13.36 -72
13.37 -73
13.38 -74
13.39 -74
13.4 -73
13.41 -74
13.42 -74
13.43 -73
13.44 -73
13.45 -72
13.46 -73
13.47 -72
13.48 -72
13.49 -73
13.5 -74
13.51 -73
13.52 -73
13.61 -73
13.61 -72
13.62 -72
13.62 -72
13.62 -72
13.62 -72
13.63 -72
13.63 -72
13.63 -72
13.64 -73
13.64 -72
13.64 -74
13.65 -73
13.66 -74
13.67 -74
13.68 -72
13.69 -73
13.7 -73
13.71 -74
13.72 -72
13.73 -72
13.74 -73
13.75 -74
13.76 -73
13.77 -74
13.78 -72
13.79 -73
13.81 -74
13.82 -73
13.83 -73
13.84 -72
13.85 -72
13.86 -72
13.87 -73
13.88 -73
13.89 -72
13.9 -73
13.91 -73
13.92 -73
13.93 -73
13.94 -73
13.95 -74
13.96 -74
13.97 -72
13.98 -72
13.99 -73
14.0 -73
14.01 -73
14.02 -72
14.03 -73
14.04 -72
14.05 -74
14.06 -74
14.07 -73
14.08 -72
14.1 -74
14.11 -73
14.12 -73
14.13 -72
14.14 -74
14.15 -73
14.16 -73
14.17 -73
14.18 -73
14.19 -73
14.2 -74
14.21 -74
14.22 -74
14.24 -73
14.25 -74
14.26 -74
14.27 -73
14.28 -73
14.29 -75
14.3 -74
14.31 -73
14.32 -73
14.33 -74
14.34 -73
14.35 -74
14.36 -73
14.37 -73
14.38 -73
14.39 -72
14.4 -74
14.41 -73
14.42 -74
14.43 -73
14.44 -73
14.45 -74
14.46 -73
14.47 -73
14.48 -73
14.49 -73
14.5 -72
14.51 -73
14.52 -73
14.53 -74
14.54 -73
14.55 -73
14.56 -73
14.57 -74
14.58 -73
14.59 -73
14.6 -73
14.61 -74
14.62 -73
14.63 -74
14.64 -74
14.66 -73
14.67 -74
14.68 -74
14.69 -73
14.7 -73
14.71 -73
14.72 -73
14.73 -73
14.74 -74
14.75 -72
14.76 -73
14.77 -74
14.78 -72
14.79 -73
14.8 -73
14.81 -73
14.82 -73
14.83 -73
14.84 -72
14.85 -71
14.86 -74
14.87 -73
14.88 -74
14.89 -74
14.9 -74
14.91 -74
14.92 -75
14.93 -74
14.94 -76
14.95 -74
14.96 -74
14.97 -74
14.98 -74
14.99 -74
15.0 -74
15.01 -74
15.02 -74
15.03 -73
15.04 -74
15.05 -73
15.06 -73
15.08 -72
15.09 -74
15.1 -73
15.11 -72
15.12 -73
15.13 -73
15.14 -73
15.15 -72
15.16 -71
15.17 -73
15.18 -71
15.19 -71
15.2 -71
15.21 -70
15.22 -71
15.23 -72
15.24 -72
15.25 -72
15.26 -70
15.27 -72
15.28 -72
15.29 -72
15.3 -72
15.31 -71
15.32 -71
15.33 -70
15.34 -69
15.35 -70
15.36 -70
15.37 -71
15.38 -70
15.39 -70
15.4 -71
15.41 -71
15.42 -70
15.43 -71
15.44 -71
15.45 -72
15.46 -70
15.47 -70
15.48 -70
15.49 -71
15.51 -71
15.52 -72
15.53 -70
15.54 -72
15.55 -72
15.56 -73
15.57 -74
15.58 -73
15.59 -72
15.6 -71
15.61 -72
15.62 -72
15.63 -71
15.64 -71
15.65 -72
15.66 -72
15.67 -71
15.68 -72
15.69 -70
15.7 -71
15.71 -70
15.72 -71
15.73 -71
15.74 -70
15.75 -70
15.76 -70
15.77 -71
15.78 -70
15.79 -70
15.8 -72
15.81 -71
15.82 -71
15.83 -71
15.84 -70
15.85 -72
15.86 -72
15.87 -69
15.88 -72
15.89 -72
15.9 -73
15.91 -73
15.92 -71
15.94 -71
15.95 -70
15.96 -71
15.97 -70
15.98 -70
15.99 -69
16.0 -71
16.01 -71
16.02 -71
16.03 -72
16.04 -70
16.05 -70
16.06 -70
16.07 -71
16.08 -70
16.09 -70
16.1 -70
16.11 -70
16.12 -69
16.13 -69
16.14 -70
16.15 -70
16.16 -69
16.17 -70
16.18 -69
16.19 -69
16.2 -70
16.21 -71
16.22 -72
16.23 -70
16.24 -70
16.25 -71
16.26 -72
16.27 -71
16.28 -68
16.29 -71
16.3 -71
16.31 -71
16.32 -71
16.33 -70
16.34 -70
16.35 -71
16.37 -72
16.38 -71
16.39 -71
16.4 -70
16.41 -70
16.42 -71
16.43 -70
16.44 -71
16.45 -71
16.46 -71
16.47 -70
16.48 -71
16.49 -70
16.5 -71
16.51 -70
16.52 -71
16.53 -70
16.54 -70
16.55 -70
16.56 -71
16.57 -70
16.58 -71
16.59 -71
16.6 -71
16.61 -71
16.62 -71
16.63 -71
16.64 -70
16.65 -71
16.66 -72
16.67 -70
16.68 -72
16.69 -70
16.7 -72
16.71 -71
16.72 -71
16.73 -71
16.74 -70
16.75 -71
16.76 -71
16.78 -71
16.79 -71
16.8 -70
16.81 -71
16.82 -71
16.83 -70
16.84 -70
16.85 -71
16.86 -70
16.87 -70
16.88 -71
16.89 -72
16.9 -71
16.91 -70
16.92 -71
16.93 -71
16.94 -70
16.95 -70
16.96 -70
16.97 -70
16.98 -71
16.99 -70
17.0 -70
17.01 -70
17.02 -71
17.03 -70
17.04 -70
17.05 -69
17.06 -71
17.07 -72
17.08 -71
17.09 -71
17.1 -71
17.11 -71
17.12 -71
17.13 -71
17.14 -70
17.15 -71
17.16 -71
17.17 -71
17.19 -71
17.19 -71
17.2 -71
17.22 -70
17.23 -72
17.24 -70
17.25 -70
17.26 -71
17.27 -71
17.28 -69
17.29 -72
17.3 -72
17.31 -71
17.32 -71
17.33 -72
17.34 -71
17.35 -70
17.36 -69
17.37 -71
17.38 -71
17.39 -71
17.4 -71
17.41 -71
17.42 -72
17.43 -71
17.44 -71
17.45 -71
17.46 -69
17.47 -71
17.48 -71
17.49 -72
17.5 -71
17.51 -71
17.52 -71
17.53 -70
17.54 -70
17.55 -72
17.56 -70
17.57 -71
17.58 -71
17.59 -73
17.6 -71
17.61 -72
17.63 -71
17.63 -70
17.65 -73
17.66 -71
17.77 -72
17.77 -71
17.77 -72
17.78 -70
17.78 -72
17.78 -72
17.79 -72
17.79 -70
17.8 -70
17.8 -72
17.8 -72
17.81 -71
17.81 -70
17.81 -71
17.82 -71
17.82 -71
17.83 -72
17.84 -73
17.85 -71
17.86 -71
17.87 -71
17.88 -72
17.89 -71
17.9 -72
17.91 -72
17.92 -71
17.93 -70
17.94 -71
17.95 -71
17.96 -71
17.97 -71
17.98 -71
17.99 -69
18.0 -71
18.01 -71
18.02 -71
18.03 -71
18.04 -71
18.05 -72
18.06 -71
18.08 -71
18.09 -72
18.1 -70
18.11 -72
18.12 -73
18.13 -71
18.14 -72
18.15 -72
18.16 -71
18.17 -71
18.18 -70
18.19 -71
18.2 -71
18.21 -72
18.22 -71
18.23 -71
18.24 -72
18.25 -72
18.26 -71
18.27 -72
18.28 -71
18.29 -71
18.3 -71
18.31 -70
18.32 -72
18.33 -72
18.34 -72
18.35 -70
18.36 -72
18.37 -71
18.38 -69
18.39 -71
18.4 -71
18.41 -70
18.42 -71
18.43 -71
18.44 -69
18.45 -72
18.46 -71
18.47 -72
18.49 -69
18.5 -69
18.51 -71
18.52 -71
18.53 -72
18.54 -71
18.55 -71
18.56 -70
18.57 -71
18.58 -71
18.59 -72
18.6 -72
18.61 -71
18.62 -72
18.63 -71
18.64 -72
18.65 -71
18.66 -72
18.67 -72
18.69 -70
18.7 -70
18.71 -69
18.72 -70
18.73 -70
18.74 -71
18.75 -67
18.76 -71
18.77 -71
18.78 -71
18.79 -70
18.8 -71
18.81 -70
18.82 -71
18.83 -70
18.84 -71
18.85 -71
18.86 -70
18.87 -70
18.88 -70
18.89 -70
18.9 -71
18.92 -71
18.93 -71
18.94 -70
18.95 -70
18.96 -71
18.97 -70
18.98 -71
18.99 -70
19.0 -70
19.01 -70
19.02 -69
19.03 -69
19.04 -70
19.05 -70
19.06 -70
19.07 -72
19.08 -72
19.09 -71
19.1 -72
19.11 -70
19.12 -70
19.13 -70
19.14 -70
19.15 -71
19.16 -70
19.17 -70
19.18 -70
19.19 -70
19.2 -70
19.21 -71
19.22 -70
19.23 -70
19.24 -69
19.25 -70
19.26 -70
19.27 -69
19.28 -71
19.29 -71
19.3 -70
19.31 -70
19.32 -70
19.33 -71
19.35 -71
19.36 -71
19.37 -71
19.38 -71
19.39 -71
19.4 -71
19.41 -71
19.42 -71
19.43 -71
19.44 -70
19.45 -71
19.46 -71
19.47 -69
19.48 -69
19.49 -70
19.5 -71
19.51 -72
19.52 -71
19.53 -70
19.54 -71
19.55 -71
19.56 -70
19.57 -71
19.58 -70
19.59 -71
19.6 -71
19.61 -70
19.62 -71
19.63 -71
19.64 -70
19.65 -70
19.66 -70
19.67 -69
19.68 -70
19.69 -70
19.7 -71
19.71 -72
19.72 -72
19.73 -71
19.74 -72
19.75 -72
19.76 -72
19.78 -70
19.79 -70
19.8 -69
19.81 -70
19.82 -70
19.83 -71
19.84 -71
19.85 -71
19.86 -70
19.87 -72
19.88 -69
19.89 -71
19.9 -71
19.91 -71
19.92 -72
19.93 -71
19.94 -71
19.95 -70
19.96 -71
19.97 -70
19.98 -70
19.99 -72
20.0 -71
20.01 -70
20.02 -70
20.03 -71
20.04 -70
20.05 -70
20.06 -70
20.07 -70
20.08 -71
20.09 -70
20.1 -70
20.11 -70
20.12 -70
20.13 -72
20.14 -71
20.15 -71
20.16 -70
20.17 -70
20.19 -71
20.2 -71
20.21 -70
20.22 -71
20.23 -71
20.24 -71
20.25 -72
20.26 -70
20.27 -72
20.28 -71
20.29 -71
20.3 -70
20.31 -71
20.32 -71
20.33 -70
20.34 -71
20.35 -72
20.36 -71
20.37 -71
20.38 -70
20.39 -70
20.4 -71
20.41 -71
20.42 -71
20.43 -72
20.44 -73
20.45 -71
20.46 -70
20.47 -73
20.48 -71
20.49 -70
20.5 -71
20.51 -70
20.52 -72
20.53 -71
20.54 -71
20.55 -71
20.56 -71
20.57 -71
20.58 -71
20.59 -71
20.6 -71
20.61 -71
20.63 -70
20.64 -72
20.65 -72
20.66 -70
20.67 -71
20.68 -70
20.69 -70
20.7 -71
20.71 -70
20.72 -72
20.73 -72
20.74 -72
20.75 -72
20.76 -72
20.77 -71
20.78 -70
20.79 -71
20.8 -71
20.81 -72
20.82 -72
20.83 -72
20.84 -71
20.85 -72
20.86 -72
20.87 -71
20.88 -72
20.89 -71
20.9 -72
20.91 -71
20.92 -72
20.93 -73
20.94 -71
20.95 -73
20.96 -71
20.97 -72
20.98 -74
20.99 -72
21.0 -69
21.01 -71
21.02 -71
21.03 -72
21.04 -72
21.06 -71
21.07 -72
21.08 -71
21.09 -72
21.1 -71
21.11 -70
21.12 -72
21.13 -70
21.14 -72
21.15 -72
21.16 -72
21.17 -71
21.18 -70
21.19 -72
21.2 -71
21.21 -70
21.22 -71
21.23 -71
21.24 -71
21.25 -71
21.26 -71
21.27 -71
21.28 -69
21.29 -71
21.3 -72
21.31 -69
21.32 -70
21.33 -70
21.34 -72
21.35 -70
21.37 -70
21.38 -71
21.39 -71
21.4 -70
21.41 -70
21.42 -70
21.43 -70
21.44 -72
21.45 -71
21.46 -71
21.48 -70
21.49 -69
21.5 -70
21.51 -71
21.52 -71
21.53 -72
21.54 -72
21.55 -70
21.56 -70
21.57 -71
21.58 -71
21.59 -71
21.6 -71
21.61 -72
21.62 -71
21.63 -71
21.64 -72
21.65 -71
21.66 -72
21.67 -71
21.68 -71
21.69 -72
21.7 -70
21.71 -71
21.72 -72
21.73 -71
21.74 -70
21.75 -71
21.76 -70
21.77 -70
21.78 -70
21.79 -70
21.8 -70
21.81 -70
21.82 -71
21.83 -70
21.84 -70
21.85 -70
21.86 -70
21.87 -71
21.88 -70
21.9 -71
21.91 -70
21.92 -70
21.93 -70
21.94 -71
21.95 -70
21.96 -71
21.97 -71
21.98 -71
21.99 -69
22.0 -69
22.01 -69
22.02 -69
22.03 -70
22.04 -70
22.05 -71
22.06 -70
22.07 -70
22.08 -71
22.09 -70
22.1 -70
22.11 -70
22.12 -70
22.13 -71
22.14 -70
22.15 -71
22.16 -71
22.17 -70
22.18 -70
22.19 -70
22.2 -70
22.21 -70
22.22 -70
22.23 -70
22.24 -72
22.25 -71
22.26 -70
22.27 -70
22.28 -70
22.29 -69
22.3 -71
22.31 -71
22.32 -72
22.34 -70
22.35 -70
22.36 -70
22.37 -70
22.38 -71
22.39 -70
22.4 -70
22.41 -71
22.42 -70
22.43 -72
22.44 -71
22.45 -71
22.46 -71
22.47 -70
22.48 -71
22.49 -71
22.5 -69
22.51 -71
22.52 -70
22.53 -70
22.54 -71
22.55 -71
22.56 -70
22.57 -69
22.58 -69
22.59 -70
22.6 -70
22.61 -70
22.62 -70
22.63 -71
22.64 -70
22.65 -70
22.66 -70
22.67 -69
22.68 -70
22.69 -71
22.7 -68
22.71 -71
22.72 -71
22.73 -71
22.74 -72
22.76 -72
22.77 -72
22.78 -72
22.79 -72
22.8 -73
22.81 -72
22.82 -73
22.83 -73
22.84 -73
22.85 -73
22.86 -73
22.87 -73
22.88 -72
22.89 -72
22.9 -72
22.91 -70
22.92 -71
22.93 -71
22.94 -71
22.95 -70
22.96 -71
22.97 -71
22.98 -71
22.99 -71
23.0 -71
23.01 -69
23.14 -70
23.14 -70
23.15 -69
23.15 -70
23.15 -70
23.15 -70
23.16 -70
23.16 -70
23.16 -69
23.17 -70
23.17 -70
23.17 -70
23.18 -70
23.18 -73
23.19 -70
23.19 -71
23.2 -70
23.2 -74
23.21 -73
23.22 -73
23.23 -72
23.24 -72
23.25 -73
23.26 -73
23.27 -72
23.28 -73
23.29 -72
23.3 -73
23.31 -73
23.32 -72
23.33 -71
23.34 -73
23.35 -71
23.36 -73
23.37 -70
23.38 -71
23.39 -71
23.4 -71
23.41 -70
23.42 -71
23.43 -70
23.44 -71
23.45 -70
23.46 -71
23.47 -70
23.48 -70
23.49 -71
23.5 -71
23.51 -70
23.52 -72
23.53 -71
23.54 -73
23.55 -73
23.56 -72
23.57 -72
23.58 -74
23.59 -72
23.6 -73
23.62 -73
23.63 -72
23.64 -72
23.65 -73
23.66 -73
23.67 -72
23.68 -74
23.69 -74
23.7 -74
23.71 -74
23.72 -75
23.73 -74
23.74 -73
23.75 -72
23.76 -74
23.77 -73
23.78 -72
23.79 -73
23.8 -72
23.81 -72
23.82 -74
23.83 -73
23.84 -73
23.85 -72
23.86 -73
23.87 -72
23.88 -73
23.89 -72
23.9 -73
23.91 -71
23.92 -72
23.93 -72
23.94 -72
23.95 -72
23.96 -72
23.97 -72
23.98 -71
23.99 -73
24.0 -72
24.01 -72
24.02 -72
24.04 -72
24.05 -72
24.06 -72
24.07 -72
24.08 -72
24.09 -71
24.1 -72
24.11 -70
24.12 -72
24.13 -71
24.14 -73
24.15 -73
24.16 -72
24.17 -71
24.18 -71
24.19 -73
24.2 -71
24.21 -70
24.22 -72
24.23 -72
24.24 -70
24.25 -69
24.26 -71
24.27 -71
24.28 -71
24.29 -71
24.3 -71
24.31 -71
24.32 -70
24.33 -70
24.34 -70
24.35 -71
24.36 -71
24.37 -71
24.38 -71
24.39 -69
24.4 -71
24.41 -72
24.42 -72
24.43 -71
24.44 -71
24.46 -72
24.47 -71
24.48 -73
24.49 -74
24.5 -72
24.51 -70
24.52 -72
24.53 -70
24.54 -70
24.55 -71
24.56 -71
24.57 -69
24.58 -70
24.59 -69
24.6 -71
24.61 -71
24.62 -71
24.63 -70
24.64 -72
24.65 -67
24.66 -70
24.67 -71
24.68 -70
24.69 -70
24.7 -72
24.71 -69
24.72 -69
24.73 -71
24.74 -71
24.75 -69
24.76 -72
24.77 -71
24.78 -70
24.79 -72
24.8 -71
24.81 -71
24.82 -73
24.83 -72
24.84 -71
24.85 -72
24.86 -72
24.87 -72
24.88 -72
24.9 -72
24.91 -73
24.92 -70
24.93 -73
24.94 -73
24.95 -73
24.96 -71
24.97 -70
24.98 -73
24.99 -73
25.0 -73
25.01 -74
25.02 -73
25.03 -72
25.04 -73
25.05 -73
25.06 -73
25.07 -72
25.08 -72
25.09 -72
25.1 -73
25.11 -72
25.12 -73
25.13 -72
25.14 -72
25.15 -72
25.16 -71
25.17 -72
25.18 -72
25.19 -72
25.2 -73
25.21 -73
25.22 -72
25.23 -71
25.24 -73
25.25 -71
25.26 -70
25.27 -72
25.28 -72
25.29 -72
25.3 -71
25.31 -72
25.33 -73
25.34 -73
25.35 -74
25.36 -72
25.37 -70
25.38 -72
25.39 -72
25.4 -72
25.41 -72
25.42 -72
25.43 -72
25.44 -71
25.45 -71
25.46 -72
25.47 -70
25.48 -72
25.49 -72
25.5 -73
25.51 -74
25.52 -72
25.53 -73
25.54 -72
25.55 -72
25.56 -72
25.57 -71
25.58 -72
25.59 -71
25.6 -70
25.61 -72
25.62 -70
25.63 -70
25.64 -70
25.65 -70
25.66 -70
25.67 -71
25.68 -70
25.69 -70
25.7 -69
25.71 -69
25.72 -71
25.73 -70
25.75 -68
25.76 -70
25.77 -71
25.78 -68
25.79 -68
25.8 -71
25.81 -69
25.82 -69
25.83 -70
25.84 -70
25.85 -70
25.86 -70
25.87 -69
25.88 -70
25.89 -69
25.9 -71
25.91 -69
25.92 -70
25.93 -69
25.94 -69
25.95 -68
25.96 -69
25.97 -70
25.98 -68
25.99 -69
26.0 -69
26.01 -69
26.02 -69
26.03 -69
26.04 -69
26.05 -68
26.06 -70
26.07 -70
26.08 -69
26.09 -68
26.11 -69
26.11 -70
26.13 -68
26.13 -70
26.14 -69
26.15 -70
26.17 -71
26.18 -70
26.19 -69
26.2 -70
26.21 -69
26.22 -70
26.23 -69
26.24 -70
26.25 -70
26.26 -69
26.27 -71
26.28 -71
26.29 -69
26.3 -70
26.31 -69
26.32 -72
26.33 -71
26.34 -70
26.35 -69
26.36 -70
26.37 -71
26.38 -72
26.39 -69
26.4 -69
26.41 -71
26.42 -71
26.43 -71
26.44 -71
26.45 -71
26.46 -70
26.47 -71
26.48 -71
26.49 -69
26.5 -72
26.51 -72
26.52 -70
26.53 -70
26.54 -70
26.55 -71
26.56 -70
26.57 -71
26.58 -70
26.6 -68
26.61 -70
26.62 -71
26.63 -69
26.64 -70
26.65 -69
26.66 -69
26.67 -69
26.68 -71
26.69 -70
26.7 -70
26.71 -70
26.72 -69
26.73 -71
26.74 -71
26.75 -70
26.76 -70
26.77 -69
26.78 -69
26.79 -70
26.8 -70
26.81 -70
26.82 -69
26.83 -69
26.84 -69
26.85 -69
26.86 -71
26.87 -71
26.88 -69
26.89 -70
26.9 -70
26.91 -69
26.92 -70
26.93 -70
26.94 -69
26.95 -70
26.96 -70
26.97 -70
26.98 -67
26.99 -70
27.0 -70
27.02 -70
27.03 -69
27.04 -69
27.05 -69
27.06 -68
27.07 -69
27.08 -69
27.09 -70
27.1 -69
27.11 -69
27.12 -67
27.13 -70
27.14 -72
27.15 -70
27.16 -68
27.17 -67
27.18 -69
27.19 -70
27.2 -70
27.21 -70
27.22 -70
27.23 -71
27.24 -69
27.25 -69
27.26 -68
27.27 -69
27.28 -68
27.29 -70
27.3 -69
27.31 -69
27.32 -68
27.33 -68
27.34 -68
27.35 -68
27.36 -68
27.37 -69
27.38 -67
27.39 -68
27.4 -68
27.41 -67
27.42 -67
27.43 -67
27.44 -68
27.46 -67
27.47 -66
27.48 -67
27.49 -67
27.5 -68
27.51 -68
27.52 -69
27.53 -68
27.54 -68
27.55 -67
27.56 -69
27.57 -68
27.58 -69
27.59 -68
27.6 -68
27.61 -67
27.62 -68
27.63 -68
27.64 -68
27.65 -68
27.66 -67
27.67 -68
27.68 -69
27.69 -69
27.7 -69
27.71 -67
27.72 -67
27.73 -69
27.74 -67
27.75 -68
27.76 -68
27.77 -67
27.79 -69
27.79 -69
27.8 -69
27.81 -68
27.82 -66
27.83 -67
27.84 -68
27.85 -68
27.86 -68
27.88 -67
27.89 -66
27.9 -69
27.91 -69
27.92 -69
27.93 -69
27.94 -69
27.95 -68
27.96 -69
27.97 -69
27.98 -69
27.99 -68
28.0 -68
28.01 -70
28.02 -68
28.03 -69
28.04 -69
28.05 -70
28.06 -69
28.07 -70
28.08 -68
28.09 -68
28.1 -68
28.11 -69
28.12 -68
28.13 -68
28.14 -68
28.15 -69
28.16 -68
28.17 -67
28.18 -67
28.19 -68
28.2 -68
28.21 -67
28.22 -67
28.23 -68
28.24 -68
28.25 -68
28.26 -69
28.27 -68
28.29 -68
28.29 -70
28.31 -69
28.32 -69
28.33 -68
28.34 -70
28.35 -70
28.36 -69
28.37 -69
28.38 -70
28.39 -68
28.4 -68
28.41 -70
28.42 -69
28.43 -69
28.44 -68
28.45 -70
28.46 -69
28.47 -70
28.48 -69
28.49 -67
28.5 -69
28.51 -69
28.52 -68
28.53 -68
28.54 -68
28.55 -68
28.56 -69
28.57 -68
28.58 -68
28.59 -68
28.6 -68
28.61 -70
28.62 -68
28.63 -67
28.64 -67
28.65 -66
28.66 -66
28.67 -66
28.68 -66
28.69 -66
28.7 -66
28.71 -66
28.73 -68
28.74 -67
28.75 -66
28.76 -67
28.77 -67
28.78 -67
28.79 -66
28.8 -68
28.81 -67
28.82 -68
28.83 -68
28.84 -68
28.85 -70
28.86 -67
28.87 -69
28.88 -67
28.89 -68
28.9 -68
28.91 -68
28.92 -68
28.93 -67
28.94 -68
28.95 -68
28.96 -69
28.97 -68
28.98 -68
28.99 -68
29.0 -69
29.01 -67
29.02 -67
29.03 -69
29.04 -67
29.05 -67
29.06 -69
29.07 -68
29.08 -68
29.09 -67
29.1 -67
29.11 -68
29.12 -68
29.13 -67
29.14 -68
29.16 -67
29.17 -68
29.18 -67
29.19 -68
29.2 -66
29.21 -67
29.22 -68
29.23 -67
29.24 -68
29.25 -66
29.26 -66
29.27 -67
29.28 -66
29.29 -67
29.3 -67
29.31 -68
29.32 -67
29.33 -67
29.34 -69
29.35 -67
29.36 -67
29.37 -67
29.38 -69
29.39 -67
29.4 -67
29.41 -66
29.42 -66
29.43 -68
29.44 -67
29.45 -67
29.46 -67
29.47 -68
29.48 -68
29.49 -67
29.5 -67
29.51 -67
29.52 -68
29.53 -68
29.54 -68
29.55 -66
29.57 -66
29.57 -68
29.59 -68
29.6 -68
29.61 -69
29.62 -67
29.63 -66
29.64 -65
29.65 -69
29.66 -67
29.67 -66
29.68 -68
29.69 -68
29.7 -68
29.71 -68
29.72 -68
29.87 -69
29.88 -68
29.88 -68
29.88 -68
29.89 -68
29.89 -68
29.89 -67
29.89 -67
29.9 -68
29.9 -68
29.9 -67
29.91 -68
29.91 -68
29.91 -67
29.92 -68
29.92 -68
29.92 -68
29.93 -68
29.93 -68
29.93 -69
29.94 -69
29.94 -67
29.95 -68
29.96 -68
29.97 -67
29.99 -68
29.99 -69
30.0 -68
30.02 -67
30.03 -68
30.04 -67
30.05 -68
30.06 -69
30.07 -68
30.08 -68
30.09 -67
30.1 -68
30.11 -68
30.12 -68
30.13 -67
30.14 -68
30.15 -68
30.16 -68
30.17 -68
30.18 -68
30.19 -68
30.2 -68
30.21 -67
30.22 -68
30.23 -69
30.24 -70
30.25 -68
30.26 -67
30.27 -68
30.28 -67
30.29 -68
30.3 -68
30.31 -69
30.32 -68
30.33 -69
30.34 -69
30.35 -67
30.36 -68
30.37 -69
30.38 -68
30.39 -69
30.4 -67
30.41 -69
30.42 -70
30.44 -69
30.45 -68
30.46 -70
30.47 -69
30.48 -69
30.49 -67
30.5 -68
30.51 -69
30.52 -68
30.53 -68
30.54 -67
30.55 -68
30.56 -68
30.57 -68
30.58 -69
30.59 -67
30.6 -68
30.61 -68
30.62 -68
30.63 -68
30.64 -67
30.65 -67
30.66 -69
30.67 -69
30.68 -69
30.69 -68
30.7 -67
30.71 -68
30.72 -68
30.73 -68
30.74 -66
30.75 -68
30.76 -69
30.77 -68
30.78 -68
30.79 -68
30.8 -66
30.81 -68
30.82 -69
30.83 -68
30.85 -69
30.86 -68
30.87 -69
30.88 -67
30.89 -68
30.9 -68
30.91 -68
30.92 -68
30.93 -68
30.94 -69
30.95 -68
30.96 -69
30.97 -68
30.98 -69
30.99 -69
31.0 -68
31.01 -67
31.02 -68
31.03 -68
31.04 -68
31.05 -66
31.06 -67
31.07 -67
31.08 -68
31.09 -69
31.1 -68
31.11 -69
31.12 -68
31.13 -68
31.14 -69
31.15 -69
31.16 -69
31.17 -68
31.18 -68
31.19 -69
31.2 -67
31.21 -68
31.22 -68
31.23 -68
31.24 -67
31.25 -67
31.26 -68
31.27 -67
31.28 -67
31.3 -69
31.31 -67
31.32 -68
31.33 -67
31.34 -69
31.35 -69
31.36 -67
31.37 -69
31.38 -68
31.39 -69
31.4 -69
31.41 -68
31.42 -69
31.43 -69
31.44 -71
31.45 -68
31.46 -68
31.47 -68
31.48 -69
31.49 -70
31.5 -70
31.51 -70
31.52 -69
31.53 -69
31.54 -70
31.55 -68
31.56 -67
31.57 -68
31.58 -68
31.59 -69
31.6 -68
31.61 -68
31.62 -69
31.63 -70
31.64 -69
31.65 -70
31.66 -68
31.67 -69
31.68 -69
31.69 -69
31.71 -69
31.72 -69
31.73 -68
31.74 -68
31.75 -68
31.76 -68
31.77 -67
31.78 -69
31.79 -68
31.8 -69
31.81 -69
31.82 -67
31.83 -68
31.84 -66
31.85 -68
31.86 -68
31.87 -67
31.88 -69
31.89 -70
31.9 -68
31.91 -70
31.92 -68
31.93 -69
31.94 -68
31.95 -69
31.96 -70
31.97 -68
31.98 -68
31.99 -69
32.0 -68
32.01 -68
32.02 -69
32.03 -69
32.04 -70
32.05 -68
32.06 -69
32.07 -69
32.08 -69
32.09 -69
32.1 -69
32.11 -69
32.12 -69
32.13 -69
32.15 -69
32.16 -70
32.17 -69
32.18 -69
32.19 -70
32.2 -69
32.21 -69
32.22 -70
32.23 -70
32.24 -69
32.25 -69
32.26 -70
32.27 -70
32.28 -69
32.29 -69
32.3 -72
32.31 -71
32.32 -71
32.33 -71
32.34 -70
32.35 -70
32.36 -70
32.37 -70
32.38 -68
32.39 -70
32.4 -70
32.41 -70
32.42 -70
32.43 -70
32.44 -69
32.45 -69
32.46 -70
32.47 -69
32.48 -69
32.49 -70
32.5 -69
32.51 -70
32.52 -70
32.53 -70
32.54 -71
32.56 -70
32.56 -71
32.58 -71
32.59 -69
32.6 -71
32.61 -69
32.62 -71
32.63 -71
32.64 -70
32.65 -70
32.66 -71
32.67 -70
32.68 -71
32.69 -71
32.7 -72
32.71 -72
32.72 -71
32.73 -71
32.74 -71
32.75 -70
32.76 -71
32.77 -70
32.78 -70
32.79 -69
32.8 -69
32.81 -70
32.82 -70
32.83 -69
32.84 -69
32.85 -69
32.86 -69
32.87 -70
32.88 -70
32.89 -68
32.9 -69
32.91 -70
32.92 -70
32.93 -69
32.94 -70
32.95 -70
32.96 -71
32.97 -69
32.98 -70
33.0 -69
33.01 -69
33.02 -70
33.03 -69
33.04 -69
33.05 -70
33.06 -70
33.07 -70
33.09 -71
33.1 -70
33.11 -70
33.12 -71
33.13 -71
33.14 -70
33.15 -70
33.16 -71
33.17 -71
33.18 -71
33.19 -72
33.2 -72
33.21 -71
33.22 -72
33.23 -72
33.24 -72
33.25 -72
33.26 -72
33.27 -71
33.28 -72
33.29 -72
33.3 -72
33.31 -71
33.32 -70
33.33 -72
33.34 -72
33.35 -72
33.36 -71
33.37 -70
33.38 -73
33.39 -73
33.4 -73
33.41 -74
33.43 -74
33.44 -74
33.45 -73
33.46 -73
33.47 -74
33.48 -74
33.49 -74
33.5 -73
33.51 -74
33.52 -74
33.53 -74
33.54 -73
33.55 -73
33.56 -74
33.57 -73
33.58 -74
33.59 -73
33.6 -74
33.61 -73
33.62 -74
33.63 -74
33.64 -73
33.65 -74
33.66 -75
33.67 -75
33.68 -75
33.69 -75
33.7 -75
33.71 -73
33.72 -73
33.73 -73
33.74 -74
33.75 -74
33.76 -73
33.77 -73
33.78 -73
33.79 -74
33.8 -73
33.81 -73
33.82 -73
33.83 -73
33.84 -74
33.86 -73
33.87 -73
33.88 -73
33.89 -74
33.9 -75
33.91 -74
33.92 -73
33.93 -72
33.94 -75
33.95 -74
33.96 -73
33.97 -74
33.98 -73
33.99 -74
34.0 -73
34.01 -73
34.02 -75
34.03 -74
34.04 -73
34.05 -74
34.06 -73
34.07 -74
34.08 -73
34.09 -73
34.1 -74
34.11 -75
34.12 -74
34.13 -74
34.14 -73
34.15 -74
34.16 -75
34.17 -74
34.18 -74
34.19 -74
34.2 -73
34.21 -74
34.22 -73
34.24 -74
34.24 -74
34.25 -73
34.26 -75
34.28 -75
34.29 -74
34.3 -73
34.31 -73
34.32 -73
34.33 -73
34.34 -73
34.35 -73
34.36 -72
34.37 -73
34.38 -73
34.39 -73
34.4 -73
34.41 -71
34.42 -72
34.43 -73
34.44 -72
34.45 -74
34.46 -73
34.47 -74
34.48 -73
34.49 -74
34.5 -72
34.51 -74
34.52 -74
34.53 -72
34.54 -73
34.55 -72
34.56 -72
34.57 -72
34.58 -73
34.59 -73
34.6 -73
34.61 -72
34.62 -72
34.63 -72
34.64 -71
34.65 -72
34.66 -70
34.67 -71
34.68 -71
34.69 -71
34.71 -70
34.72 -71
34.73 -71
34.74 -71
34.75 -70
34.76 -71
34.77 -70
34.78 -71
34.79 -70
34.8 -69
34.81 -70
34.82 -70
34.83 -70
34.84 -70
34.85 -71
34.86 -70
34.87 -71
34.88 -71
34.89 -71
34.9 -70
34.91 -71
34.92 -70
34.93 -71
34.94 -71
34.95 -70
34.96 -71
34.97 -71
34.98 -70
34.99 -70
35.0 -70
35.01 -71
35.02 -70
35.03 -71
35.04 -69
35.05 -69
35.06 -69
35.07 -70
35.08 -70
35.09 -70
35.1 -70
35.11 -71
35.13 -70
35.14 -71
35.15 -71
35.16 -70
35.17 -72
35.18 -70
35.19 -71
35.2 -71
35.21 -71
35.22 -70
35.23 -70
35.24 -71
35.25 -71
35.26 -70
35.27 -69
35.28 -71
35.29 -70
35.3 -70
35.31 -71
35.32 -71
35.33 -70
35.34 -70
35.35 -70
35.36 -70
35.37 -70
35.38 -70
35.39 -70
35.4 -70
35.41 -71
35.42 -72
35.43 -71
35.44 -70
35.45 -72
35.46 -71
35.47 -70
35.48 -70
35.49 -71
35.5 -70
35.51 -71
35.52 -69
35.53 -71
35.55 -70
35.56 -71
35.57 -68
35.58 -71
35.59 -69
35.6 -70
35.61 -70
35.62 -71
35.63 -72
35.64 -71
35.65 -71
35.66 -72
35.67 -70
35.68 -72
35.69 -72
35.7 -72
35.71 -70
35.72 -71
35.73 -70
35.74 -71
35.75 -70
35.76 -70
35.77 -71
35.78 -70
35.79 -71
35.8 -70
35.81 -71
35.82 -70
35.83 -69
35.84 -70
35.85 -69
35.86 -70
35.87 -68
35.88 -69
35.89 -69
35.9 -71
35.91 -70
35.92 -70
35.93 -70
35.94 -71
35.95 -69
35.96 -69
35.98 -67
35.99 -70
36.0 -70
36.01 -71
36.02 -71
36.03 -69
36.04 -71
36.05 -71
36.06 -70
36.07 -69
36.08 -69
36.09 -71
36.1 -71
36.11 -71
36.12 -70
36.13 -71
36.14 -71
36.15 -70
36.16 -71
36.17 -70
36.18 -69
36.19 -69
36.2 -70
36.21 -69
36.22 -71
36.23 -69
36.24 -70
36.25 -70
36.26 -69
36.27 -70
36.28 -70
36.29 -68
36.3 -70
36.31 -70
36.32 -70
36.33 -71
36.34 -70
36.35 -72
36.36 -70
36.37 -70
36.38 -71
36.39 -71
36.41 -71
36.42 -72
36.43 -71
36.44 -71
36.45 -73
36.46 -72
36.47 -74
36.48 -71
36.49 -71
36.5 -72
36.51 -72
36.52 -72
36.53 -71
36.54 -71
36.55 -71
36.56 -70
36.57 -71
36.58 -72
36.59 -71
36.6 -72
36.61 -70
36.62 -72
36.63 -71
36.64 -71
36.65 -70
36.66 -71
36.67 -72
36.68 -71
36.69 -71
36.7 -71
36.71 -71
36.72 -71
36.73 -70
36.74 -71
36.75 -70
36.76 -71
36.77 -71
36.78 -71
36.79 -71
36.8 -71
36.81 -70
36.82 -72
36.84 -70
36.85 -71
36.86 -72
36.87 -70
36.88 -71
36.89 -70
36.9 -71
36.91 -71
36.92 -71
36.93 -70
36.94 -72
36.95 -70
36.96 -71
36.97 -72
36.98 -70
36.99 -71
37.0 -70
37.01 -69
37.02 -71
37.03 -72
37.04 -71
37.05 -71
37.06 -72
37.07 -71
37.08 -71
37.09 -72
37.1 -69
37.11 -72
37.12 -71
37.13 -70
37.14 -71
37.15 -72
37.16 -70
37.17 -71
37.18 -70
37.19 -71
37.2 -70
37.21 -71
37.22 -71
37.23 -71
37.24 -70
37.25 -71
37.27 -71
37.28 -71
37.29 -71
37.3 -71
37.31 -70
37.32 -71
37.33 -71
37.34 -71
37.35 -70
37.36 -71
37.37 -72
37.38 -70
37.39 -70
37.4 -70
37.41 -69
37.42 -71
37.43 -70
37.44 -71
37.45 -71
37.46 -71
37.47 -71
37.48 -71
37.49 -69
37.5 -71
37.51 -69
37.52 -71
37.53 -70
37.54 -71
37.55 -70
37.56 -70
37.57 -72
37.58 -69
37.59 -70
37.6 -71
37.61 -71
37.62 -70
37.63 -70
37.64 -70
37.65 -70
37.66 -71
37.68 -72
37.69 -70
37.7 -71
37.71 -71
37.72 -71
37.73 -70
37.74 -71
37.75 -70
37.76 -71
37.77 -71
37.78 -71
37.79 -70
37.8 -70
37.81 -71
37.82 -71
37.83 -70
37.84 -70
37.85 -70
37.86 -71
37.87 -71
37.88 -70
37.89 -72
37.9 -70
37.91 -70
37.92 -68
37.93 -72
37.94 -70
37.95 -70
37.96 -71
37.97 -71
37.98 -71
37.99 -70
38.0 -72
38.01 -71
38.02 -71
38.03 -69
38.04 -69
38.05 -70
38.06 -71
38.07 -70
38.08 -71
38.09 -69
38.1 -71
38.12 -71
38.13 -70
38.14 -71
38.15 -70
38.16 -70
38.17 -70
38.18 -70
38.19 -70
38.2 -70
38.21 -71
38.22 -71
38.23 -71
38.24 -70
38.25 -71
38.26 -71
38.27 -71
38.28 -71
38.48 -70
38.48 -70
38.48 -70
38.48 -71
38.49 -71
38.49 -71
38.49 -69
38.5 -71
38.5 -70
38.5 -70
38.5 -70
38.51 -71
38.51 -70
38.52 -70
38.52 -71
38.52 -70
38.53 -71
38.53 -70
38.53 -70
38.53 -70
38.54 -70
38.54 -71
38.54 -70
38.55 -70
38.55 -70
38.55 -71
38.56 -71
38.57 -70
38.58 -70
38.59 -70
38.6 -71
38.61 -70
38.62 -72
38.63 -69
38.64 -71
38.65 -72
38.66 -71
38.67 -70
38.68 -71
38.69 -71
38.7 -70
38.71 -70
38.72 -70
38.73 -71
38.74 -68
38.75 -71
38.76 -71
38.77 -71
38.78 -71
38.79 -71
38.8 -70
38.81 -70
38.82 -70
38.83 -70
38.84 -70
38.85 -70
38.86 -69
38.87 -70
38.88 -70
38.89 -70
38.9 -70
38.91 -71
38.92 -69
38.93 -70
38.94 -69
38.95 -71
38.97 -71
38.98 -72
38.99 -71
39.0 -70
39.01 -71
39.02 -70
39.03 -70
39.04 -70
39.05 -70
39.06 -71
39.07 -71
39.08 -70
39.09 -70
39.1 -70
39.11 -71
39.12 -71
39.13 -70
39.14 -70
39.15 -69
39.16 -70
39.17 -70
39.18 -71
39.19 -71
39.2 -70
39.21 -69
39.22 -70
39.23 -71
39.24 -70
39.25 -71
39.26 -71
39.27 -71
39.28 -71
39.29 -70
39.3 -71
39.31 -70
39.32 -70
39.33 -70
39.34 -69
39.35 -71
39.36 -70
39.37 -71
39.39 -71
39.4 -69
39.41 -71
39.42 -70
39.43 -71
39.44 -70
39.45 -71
39.46 -69
39.47 -70
39.48 -70
39.49 -71
39.5 -71
39.51 -70
39.52 -70
39.53 -71
39.54 -70
39.55 -70
39.56 -70
39.57 -70
39.58 -70
39.59 -71
39.6 -71
39.61 -71
39.62 -71
39.63 -70
39.64 -71
39.65 -71
39.66 -69
39.67 -71
39.68 -70
39.69 -70
39.7 -70
39.71 -70
39.72 -70
39.73 -71
39.74 -71
39.75 -71
39.76 -71
39.77 -71
39.78 -71
39.79 -70
39.8 -70
39.81 -72
39.83 -70
39.84 -70
39.85 -71
39.86 -71
39.87 -70
39.88 -70
39.89 -71
39.9 -71
39.91 -71
39.92 -70
39.93 -69
39.94 -71
39.95 -71
39.96 -70
39.97 -68
39.98 -69
39.99 -70
40.0 -71
40.01 -72
40.02 -70
40.03 -70
40.04 -71
40.05 -70
40.06 -71
40.07 -69
40.08 -70
40.09 -70
40.1 -70
40.11 -70
40.12 -70
40.13 -71
40.14 -69
40.15 -69
40.16 -69
40.17 -70
40.18 -70
40.19 -72
40.2 -71
40.21 -71
40.22 -70
40.23 -70
40.25 -71
40.26 -70
40.27 -70
40.28 -70
40.29 -69
40.3 -70
40.31 -72
40.32 -70
40.33 -70
40.34 -70
40.35 -71
40.36 -71
40.37 -71
40.38 -71
40.39 -71
40.4 -70
40.41 -72
40.42 -71
40.43 -71
40.44 -72
40.45 -71
40.46 -71
40.47 -70
40.48 -70
40.49 -70
40.5 -71
40.51 -71
40.52 -70
40.53 -71
40.54 -70
40.55 -70
40.56 -70
40.57 -70
40.58 -67
40.59 -71
40.6 -71
40.61 -71
40.62 -72
40.63 -71
40.65 -71
40.65 -71
40.66 -70
40.68 -71
40.69 -71
40.7 -69
40.71 -71
40.72 -70
40.73 -70
40.74 -71
40.75 -70
40.76 -70
40.77 -71
40.78 -70
40.79 -70
40.8 -71
40.81 -71
40.82 -71
40.83 -71
40.84 -71
40.85 -71
40.86 -71
40.87 -71
40.88 -71
40.89 -71
40.9 -69
40.91 -70
40.92 -70
40.93 -71
40.94 -71
40.95 -72
40.96 -71
40.97 -72
40.98 -70
40.99 -70
41.0 -70
41.01 -70
41.02 -70
41.03 -71
41.04 -70
41.05 -71
41.06 -69
41.07 -71
41.09 -71
41.1 -71
41.11 -71
41.12 -71
41.13 -71
41.14 -70
41.15 -71
41.16 -70
41.17 -70
41.18 -70
41.19 -71
41.2 -71
41.21 -70
41.22 -70
41.23 -71
41.24 -71
41.25 -71
41.26 -71
41.27 -70
41.28 -70
41.29 -71
41.3 -70
41.31 -70
41.32 -71
41.33 -71
41.34 -71
41.35 -71
41.36 -72
41.37 -71
41.38 -71
41.39 -71
41.4 -71
41.41 -71
41.42 -71
41.43 -71
41.44 -71
41.45 -71
41.46 -71
41.47 -71
41.48 -70
41.49 -71
41.5 -69
41.51 -71
41.53 -71
41.54 -71
41.55 -71
41.56 -70
41.57 -71
41.58 -71
41.59 -71
41.6 -69
41.61 -71
41.62 -71
41.63 -71
41.64 -71
41.65 -71
41.66 -71
41.67 -71
41.68 -71
41.69 -72
41.7 -71
41.71 -69
41.72 -71
41.73 -69
41.74 -71
41.75 -71
41.76 -72
41.77 -72
41.78 -72
41.79 -71
41.8 -71
41.81 -72
41.82 -72
41.83 -72
41.84 -72
41.85 -70
41.86 -71
41.87 -68
41.88 -71
41.89 -70
41.9 -70
41.91 -69
41.92 -71
41.94 -71
41.95 -71
41.96 -71
41.97 -70
41.98 -72
41.99 -71
42.0 -72
42.01 -71
42.02 -71
42.03 -71
42.04 -70
42.05 -70
42.06 -71
42.07 -71
42.08 -71
42.09 -72
42.1 -71
42.11 -71
42.12 -71
42.13 -71
42.14 -70
42.15 -71
42.16 -71
42.17 -72
42.18 -69
42.19 -71
42.2 -71
42.21 -71
42.22 -68
42.23 -72
42.24 -71
42.25 -71
42.26 -72
42.27 -72
42.28 -71
42.29 -71
42.3 -71
42.31 -71
42.32 -69
42.33 -71
42.34 -72
42.35 -71
42.36 -70
42.37 -71
42.39 -71
42.4 -70
42.41 -71
42.42 -72
42.43 -70
42.44 -71
42.45 -70
42.46 -71
42.47 -71
42.48 -71
42.49 -70
42.5 -70
42.51 -71
42.52 -70
42.53 -71
42.54 -73
42.55 -71
42.56 -70
42.57 -71
42.58 -71
42.59 -69
42.6 -71
42.61 -72
42.62 -71
42.63 -69
42.64 -71
42.65 -71
42.66 -71
42.67 -71
42.68 -71
42.69 -71
42.7 -71
42.71 -71
42.72 -71
42.73 -71
42.74 -71
42.75 -72
42.76 -71
42.77 -72
42.79 -71
42.79 -71
42.81 -71
42.82 -70
42.83 -71
42.84 -70
42.85 -71
42.86 -71
42.87 -71
42.88 -70
42.89 -69
42.9 -70
42.91 -70
42.92 -71
42.93 -71
42.94 -70
42.95 -69
42.96 -70
42.97 -71
42.98 -71
42.99 -71
43.0 -72
43.01 -71
43.02 -71
43.03 -70
43.04 -70
43.05 -71
43.06 -70
43.07 -70
43.08 -71
43.09 -70
43.1 -71
43.11 -71
43.12 -71
43.13 -71
43.14 -70
43.15 -71
43.16 -71
43.17 -70
43.18 -71
43.19 -70
43.2 -72
43.21 -68
43.22 -71
43.24 -71
43.25 -71
43.26 -71
43.27 -71
43.28 -71
43.29 -70
43.3 -70
43.31 -72
43.32 -71
43.33 -70
43.34 -71
43.35 -71
43.36 -72
43.37 -71
43.38 -71
43.39 -72
43.4 -70
43.41 -71
43.42 -70
43.43 -71
43.44 -71
43.45 -71
43.46 -71
43.47 -71
43.48 -70
43.49 -72
43.5 -71
43.51 -70
43.52 -70
43.53 -71
43.54 -72
43.55 -72
43.56 -70
43.57 -70
43.58 -71
43.59 -71
43.6 -70
43.61 -71
43.62 -70
43.63 -71
43.64 -71
43.66 -71
43.67 -70
43.68 -70
43.69 -72
43.7 -72
43.71 -69
43.72 -71
43.73 -71
43.74 -72
43.75 -71
43.76 -71
43.77 -72
43.78 -72
43.79 -72
43.8 -72
43.81 -72
43.82 -74
43.83 -72
43.84 -72
43.85 -71
43.86 -72
43.87 -71
43.88 -71
43.89 -70
43.9 -71
43.91 -71
43.92 -71
43.93 -70
43.94 -71
43.95 -71
43.96 -70
43.97 -71
43.98 -70
43.99 -71
44.0 -71
44.01 -70
44.02 -71
44.03 -72
44.04 -72
44.05 -70
44.06 -71
44.07 -71
44.09 -70
44.1 -70
44.11 -69
44.12 -71
44.13 -69
44.14 -70
44.15 -70
44.16 -71
44.17 -71
44.18 -71
44.19 -70
44.2 -71
44.21 -71
44.22 -70
44.23 -71
44.24 -71
44.25 -72
44.26 -72
44.27 -72
44.28 -72
44.29 -71
44.3 -71
44.31 -71
44.32 -69
44.33 -72
44.34 -72
44.35 -71
44.36 -72
44.37 -72
44.38 -69
44.39 -72
44.4 -72
44.41 -74
44.42 -70
44.43 -71
44.44 -73
44.45 -73
44.46 -73
44.47 -73
44.48 -73
44.49 -72
44.5 -73
44.52 -73
44.53 -73
44.54 -72
44.55 -72
44.56 -72
44.57 -72
44.58 -72
44.59 -73
44.6 -73
44.61 -74
44.62 -74
44.63 -71
44.64 -72
44.65 -73
44.66 -74
44.67 -73
44.68 -74
44.69 -73
44.7 -70
44.71 -74
44.72 -73
44.73 -73
44.74 -72
44.75 -73
44.76 -74
44.77 -74
44.78 -73
44.79 -73
44.8 -73
44.81 -74
44.82 -72
44.83 -72
44.84 -73
44.85 -73
44.86 -74
44.87 -73
44.88 -72
44.89 -74
44.9 -74
44.91 -73
44.92 -72
44.94 -70
44.95 -73
44.96 -73
44.97 -74
44.98 -73
44.99 -73
45.0 -74
45.01 -72
45.02 -73
45.03 -74
45.04 -73
45.05 -74
45.06 -71
45.07 -70
45.08 -73
45.09 -73
45.1 -72
45.11 -73
45.12 -72
45.13 -73
45.14 -73
45.15 -69
45.16 -74
45.17 -73
45.18 -74
45.19 -73
45.2 -73
45.21 -73
45.22 -73
45.23 -72
45.24 -72
45.25 -72
45.26 -73
45.27 -73
45.28 -72
45.29 -71
45.3 -70
45.31 -70
45.32 -72
45.33 -72
45.35 -70
45.35 -73
45.37 -72
45.38 -72
45.39 -73
45.4 -71
45.41 -73
45.42 -72
45.43 -74
45.44 -73
45.45 -73
45.46 -73
45.47 -74
45.48 -74
45.49 -71
45.5 -73
45.51 -73
45.52 -74
45.53 -74
45.54 -74
45.55 -75
45.56 -75
45.57 -73
45.58 -75
45.59 -76
45.6 -76
45.61 -75
45.62 -74
45.63 -75
45.64 -74
45.65 -74
45.66 -75
45.67 -75
45.68 -74
45.69 -75
45.7 -73
45.71 -73
45.72 -76
45.73 -74
45.74 -75
45.75 -74
45.76 -75
45.77 -73
45.79 -75
45.8 -74
45.81 -73
45.82 -75
45.83 -74
45.84 -73
45.85 -74
45.86 -72
45.87 -74
45.88 -73
45.89 -74
45.9 -73
45.91 -74
45.92 -74
45.93 -74
45.94 -74
45.96 -74
45.97 -74
45.98 -73
45.99 -74
46.0 -74
46.01 -74
46.02 -71
46.03 -73
46.04 -74
46.05 -73
46.06 -73
46.07 -71
46.08 -73
46.09 -73
46.1 -74
46.11 -73
46.12 -70
46.13 -73
46.14 -73
46.15 -74
46.16 -73
46.17 -75
46.18 -71
46.19 -74
46.2 -75
46.21 -74
46.23 -71
46.24 -74
46.25 -74
46.26 -74
46.27 -73
46.28 -75
46.29 -74
46.3 -73
46.31 -73
46.32 -73
46.33 -70
46.34 -74
46.35 -75
46.36 -74
46.37 -73
46.38 -73
46.39 -73
46.4 -73
46.41 -74
46.42 -73
46.43 -71
46.44 -74
46.45 -73
46.46 -74
46.47 -74
46.48 -74
46.49 -74
46.5 -73
46.51 -73
46.52 -73
46.53 -72
46.54 -74
46.55 -74
46.56 -74
46.57 -74
46.58 -74
46.59 -74
46.6 -73
46.61 -74
46.62 -74
46.64 -72
46.65 -74
46.66 -74
46.67 -74
46.68 -73
46.69 -73
46.7 -74
46.71 -72
46.72 -74
46.73 -73
46.74 -70
46.75 -75
46.76 -73
46.77 -74
46.78 -72
46.79 -73
46.8 -73
46.81 -73
46.82 -73
46.83 -75
46.84 -73
46.85 -73
46.86 -73
46.87 -72
46.88 -71
46.89 -72
46.9 -71
46.91 -71
46.92 -71
46.93 -71
46.94 -70
46.95 -70
46.96 -71
46.97 -70
46.98 -71
47.0 -69
47.0 -72
47.01 -71
47.02 -72
47.03 -71
47.04 -71
47.06 -72
47.07 -71
47.08 -72
47.09 -70
47.1 -70
47.11 -71
47.12 -71
47.13 -71
47.14 -71
47.15 -72
47.16 -72
47.17 -72
47.18 -71
47.2 -72
47.21 -71
47.21 -72
47.22 -71
47.23 -70
47.24 -72
47.25 -71
47.26 -71
47.27 -69
47.28 -72
47.29 -70
47.3 -72
47.31 -71
47.32 -71
47.33 -70
47.34 -72
47.35 -70
47.36 -72
47.37 -70
47.38 -71
47.39 -71
47.4 -71
47.41 -71
47.42 -72
47.43 -70
47.44 -71
47.45 -72
47.46 -72
47.47 -71
47.48 -72
47.5 -71
47.51 -72
47.52 -71
47.53 -73
47.54 -72
47.55 -71
47.56 -70
47.57 -71
47.58 -71
47.59 -71
47.6 -71
47.61 -72
47.62 -70
47.63 -71
47.64 -72
47.65 -72
47.66 -71
47.67 -70
47.68 -71
47.69 -71
47.7 -71
47.71 -71
47.72 -70
47.73 -72
47.74 -73
47.75 -70
47.76 -71
47.77 -71
47.78 -72
47.79 -70
47.8 -70
47.81 -72
47.82 -72
47.83 -70
47.84 -71
47.85 -70
47.86 -71
47.87 -71
47.88 -71
47.89 -72
47.9 -71
47.91 -72
47.93 -72
47.94 -70
47.95 -71
47.96 -71
47.97 -71
47.98 -71
47.99 -71
48.0 -72
48.01 -72
48.02 -71
48.03 -73
48.04 -71
48.05 -71
48.06 -71
48.07 -71
48.08 -70
48.09 -72
48.1 -69
48.11 -71
48.12 -70
48.13 -71
48.14 -70
48.15 -72
48.16 -70
48.17 -69
48.18 -72
48.19 -71
48.2 -71
48.21 -72
48.22 -72
48.23 -71
48.24 -71
48.25 -70
48.26 -72
48.27 -72
48.28 -73
48.29 -71
48.3 -72
48.31 -71
48.32 -71
48.34 -71
48.34 -71
48.36 -69
48.37 -71
48.38 -69
48.39 -71
48.4 -71
48.41 -70
48.42 -71
48.43 -71
48.44 -70
48.45 -72
48.46 -71
48.47 -73
48.48 -72
48.49 -73
48.5 -72
48.51 -72
48.52 -72
48.53 -72
48.54 -72
48.55 -72
48.56 -72
48.57 -71
48.58 -72
48.59 -72
48.6 -72
48.61 -72
48.62 -71
48.63 -71
48.64 -71
48.65 -72
48.66 -71
48.67 -72
48.68 -70
48.69 -71
48.7 -71
48.71 -71
48.72 -71
48.73 -70
48.74 -71
48.76 -71
48.76 -71
48.77 -71
48.79 -70
48.8 -71
48.81 -71
48.82 -71
48.83 -71
48.84 -71
48.85 -72
48.86 -72
48.87 -71
48.88 -70
48.89 -70
48.9 -72
48.91 -73
48.92 -71
48.93 -72
48.94 -71
48.95 -72
48.96 -71
48.97 -71
48.98 -72
48.99 -74
49.25 -72
49.25 -72
49.26 -72
49.26 -73
49.26 -71
49.26 -74
49.27 -73
49.27 -72
49.27 -73
49.28 -73
49.28 -73
49.28 -72
49.29 -73
49.29 -72
49.29 -72
49.29 -72
49.3 -72
49.3 -72
49.31 -73
49.31 -72
49.31 -73
49.32 -73
49.32 -73
49.32 -73
49.33 -73
49.33 -73
49.34 -75
49.34 -72
49.34 -73
49.35 -72
49.35 -73
49.35 -74
49.36 -73
49.36 -72
49.36 -72
49.37 -72
49.37 -71
49.38 -73
49.39 -74
49.4 -73
49.41 -72
49.42 -73
49.43 -72
49.44 -72
49.45 -73
49.46 -73
49.47 -73
49.48 -72
49.49 -73
49.5 -73
49.51 -72
49.52 -72
49.53 -72
49.54 -71
49.55 -72
49.56 -72
49.57 -72
49.58 -73
49.59 -72
49.6 -73
49.61 -73
49.62 -74
49.64 -73
49.65 -72
49.66 -74
49.67 -75
49.68 -74
49.69 -74
49.7 -74
49.71 -74
49.72 -75
49.73 -74
49.74 -74
49.75 -73
49.76 -73
49.77 -73
49.78 -74
49.79 -74
49.8 -75
49.81 -76
49.82 -75
49.83 -76
49.84 -75
49.85 -75
49.86 -74
49.87 -75
49.88 -76
49.89 -75
49.9 -76
49.91 -76
49.92 -76
49.93 -77
49.94 -76
49.95 -75
49.96 -75
49.97 -75
49.98 -77
49.99 -76
50.0 -77
50.01 -75
50.02 -74
50.03 -76
50.04 -76
50.06 -76
50.07 -75
50.08 -75
50.09 -75
50.1 -74
50.11 -76
50.12 -74
50.13 -74
50.14 -74
50.15 -75
50.16 -76
50.17 -75
50.18 -74
50.19 -74
50.2 -76
50.21 -74
50.22 -73
50.23 -75
50.24 -75
50.25 -74
50.26 -73
50.27 -75
50.28 -74
50.29 -74
50.3 -73
50.31 -73
50.32 -74
50.33 -73
50.34 -75
50.35 -73
50.36 -75
50.37 -73
50.38 -75
50.39 -75
50.4 -74
50.41 -75
50.42 -73
50.43 -75
50.44 -74
50.45 -74
50.46 -74
50.47 -73
50.49 -73
50.5 -74
50.51 -73
50.52 -73
50.53 -74
50.54 -72
50.55 -75
50.56 -74
50.57 -74
50.58 -72
50.59 -74
50.6 -74
50.61 -74
50.62 -74
50.63 -73
50.64 -74
50.65 -73
50.66 -74
50.67 -74
50.68 -73
50.69 -73
50.7 -74
50.71 -74
50.72 -75
50.73 -74
50.74 -74
50.75 -76
50.76 -75
50.77 -74
50.78 -76
50.79 -74
50.8 -75
50.81 -76
50.82 -76
50.83 -76
50.84 -75
50.85 -75
50.86 -75
50.87 -75
50.89 -77
50.89 -75
50.91 -73
50.92 -75
50.93 -73
50.94 -74
50.95 -75
50.96 -74
50.97 -75
50.98 -75
50.99 -76
51.0 -75
51.01 -74
51.02 -75
51.03 -74
51.04 -73
51.05 -75
51.06 -75
51.07 -75
51.08 -75
51.09 -74
51.1 -73
51.11 -74
51.12 -75
51.13 -74
51.14 -74
51.15 -74
51.16 -74
51.17 -75
51.18 -76
51.19 -75
51.2 -76
51.21 -73
51.22 -74
51.23 -75
51.24 -75
51.25 -73
51.26 -75
51.27 -75
51.28 -74
51.29 -74
51.3 -73
51.31 -75
51.32 -73
51.34 -76
51.35 -73
51.36 -74
51.37 -74
51.38 -76
51.39 -73
51.4 -75
51.41 -75
51.42 -75
51.43 -74
51.44 -74
51.45 -73
51.46 -73
51.47 -75
51.48 -74
51.49 -73
51.5 -73
51.51 -75
51.52 -74
51.53 -75
51.54 -74
51.55 -73
51.56 -74
51.57 -75
51.58 -74
51.59 -75
51.6 -75
51.61 -75
51.62 -74
51.63 -74
51.64 -73
51.65 -72
51.66 -75
51.67 -73
51.68 -74
51.69 -74
51.7 -73
51.71 -74
51.72 -75
51.73 -73
51.74 -73
51.76 -73
51.77 -73
51.78 -73
51.79 -73
51.8 -75
51.81 -75
51.82 -74
51.83 -74
51.84 -74
51.85 -74
51.86 -75
51.87 -75
51.88 -74
51.89 -74
51.9 -74
51.91 -74
51.92 -74
51.93 -74
51.94 -74
51.95 -75
51.96 -73
51.97 -73
51.98 -74
51.99 -74
52.0 -73
52.01 -74
52.02 -73
52.03 -74
52.04 -73
52.05 -73
52.06 -74
52.07 -73
52.08 -74
52.09 -74
52.1 -73
52.11 -74
52.12 -74
52.13 -74
52.14 -73
52.15 -74
52.16 -73
52.17 -74
52.19 -74
52.2 -74
52.21 -74
52.22 -74
52.23 -74
52.24 -74
52.25 -74
52.26 -75
52.27 -75
52.28 -75
52.29 -74
52.3 -74
52.31 -74
52.32 -74
52.33 -75
52.34 -74
52.35 -74
52.36 -75
52.37 -73
52.38 -73
52.39 -74
52.4 -74
52.41 -74
52.42 -73
52.43 -74
52.44 -74
52.45 -74
52.46 -74
52.47 -74
52.48 -73
52.49 -72
52.5 -73
52.51 -73
52.52 -73
52.53 -75
52.54 -73
52.55 -73
52.56 -74
52.57 -73
52.58 -74
52.59 -72
52.6 -72
52.62 -73
52.63 -72
52.64 -73
52.65 -74
52.66 -74
52.67 -73
52.68 -73
52.69 -74
52.7 -74
52.71 -75
52.72 -74
52.73 -72
52.74 -74
52.75 -73
52.76 -74
52.77 -74
52.78 -74
52.79 -73
52.8 -72
52.81 -73
52.82 -72
52.83 -73
52.84 -73
52.85 -74
52.86 -74
52.87 -73
52.88 -73
52.89 -73
52.9 -74
52.91 -74
52.92 -74
52.93 -74
52.94 -74
52.95 -74
52.96 -73
52.97 -73
52.98 -72
52.99 -74
53.0 -74
53.02 -72
53.03 -73
53.03 -74
53.05 -74
53.06 -73
53.07 -74
53.08 -73
53.09 -73
53.1 -73
53.11 -74
53.12 -73
53.13 -72
53.14 -72
53.15 -73
53.16 -74
53.17 -73
53.18 -72
53.19 -72
53.2 -73
53.21 -72
53.22 -73
53.23 -73
53.24 -72
53.25 -72
53.26 -72
53.27 -72
53.28 -74
53.29 -73
53.3 -73
53.31 -73
53.32 -74
53.33 -73
53.34 -73
53.35 -73
53.36 -72
53.37 -72
53.38 -72
53.39 -72
53.4 -72
53.41 -73
53.42 -73
53.43 -73
53.44 -74
53.46 -74
53.46 -72
53.48 -73
53.49 -73
53.5 -71
53.51 -72
53.52 -73
53.53 -72
53.54 -72
53.55 -73
53.56 -72
53.57 -75
53.58 -73
53.59 -72
53.6 -73
53.61 -73
53.62 -72
53.63 -73
53.64 -74
53.65 -73
53.66 -71
53.67 -74
53.68 -72
53.69 -74
53.7 -74
53.71 -74
53.72 -73
53.73 -73
53.74 -72
53.75 -73
53.76 -72
53.77 -73
53.78 -74
53.79 -72
53.8 -73
53.81 -72
53.82 -72
53.83 -74
53.84 -74
53.85 -73
53.86 -73
53.87 -73
53.88 -72
53.9 -74
53.91 -73
53.92 -73
53.93 -73
53.94 -74
53.95 -73
53.96 -73
53.97 -73
53.98 -74
53.99 -74
54.0 -73
54.01 -73
54.02 -72
54.03 -72
54.04 -72
54.05 -74
54.06 -73
54.07 -74
54.08 -73
54.09 -73
54.1 -74
54.11 -71
54.12 -74
54.13 -73
54.14 -72
54.15 -72
54.16 -72
54.17 -72
54.18 -73
54.19 -73
54.2 -74
54.21 -73
54.22 -72
54.23 -73
54.24 -72
54.25 -74
54.26 -75
54.27 -72
54.28 -72
54.29 -74
54.31 -74
54.32 -72
54.33 -74
54.34 -74
54.35 -74
54.36 -73
54.37 -73
54.38 -72
54.39 -74
54.4 -73
54.41 -72
54.42 -72
54.43 -71
54.44 -72
54.45 -74
54.46 -74
54.47 -74
54.48 -72
54.49 -72
54.5 -73
54.51 -74
54.52 -72
54.53 -72
54.54 -74
54.55 -73
54.56 -72
54.57 -72
54.58 -73
54.59 -72
54.6 -73
54.61 -73
54.62 -71
54.63 -72
54.64 -72
54.65 -73
54.66 -73
54.67 -73
54.68 -73
54.69 -72
54.7 -71
54.71 -73
54.72 -72
54.73 -74
54.74 -72
54.76 -73
54.77 -73
54.78 -72
54.79 -73
54.8 -75
54.81 -73
54.82 -73
54.83 -73
54.84 -75
54.85 -74
54.86 -72
54.87 -74
54.88 -72
54.89 -73
54.9 -73
54.91 -72
54.92 -73
54.93 -74
54.94 -72
54.95 -73
54.96 -73
54.97 -72
54.98 -72
54.99 -73
55.0 -74
55.01 -72
55.02 -72
55.03 -72
55.04 -73
55.05 -72
55.06 -72
55.07 -73
55.08 -74
55.09 -73
55.1 -74
55.11 -72
55.12 -73
55.13 -72
55.15 -71
55.15 -72
55.17 -71
55.18 -74
55.19 -72
55.2 -71
55.21 -72
55.22 -72
55.23 -70
55.24 -73
55.25 -73
55.26 -72
55.27 -72
55.28 -72
55.29 -72
55.3 -73
55.31 -72
55.32 -71
55.33 -72
55.34 -69
55.35 -74
55.36 -73
55.37 -73
55.38 -72
55.39 -74
55.4 -71
55.41 -72
55.42 -72
55.43 -72
55.44 -73
55.45 -73
55.46 -71
55.47 -71
55.48 -72
55.49 -73
55.5 -72
55.51 -73
55.52 -72
55.53 -71
55.54 -70
55.55 -71
55.56 -72
55.57 -72
55.58 -73
55.59 -73
55.61 -71
55.62 -72
55.63 -72
55.64 -72
55.65 -73
55.66 -72
55.67 -72
55.68 -73
55.69 -72
55.7 -72
55.71 -73
55.72 -72
55.73 -72
55.74 -72
55.75 -72
55.76 -71
55.77 -73
55.78 -72
55.79 -74
55.8 -72
55.81 -70
55.82 -73
55.83 -72
55.84 -73
55.85 -71
55.86 -72
55.87 -72
55.88 -73
55.89 -72
55.9 -72
55.91 -72
55.92 -72
55.93 -72
55.94 -72
55.95 -74
55.96 -72
55.97 -72
55.98 -71
55.99 -72
56.0 -70
56.01 -72
56.03 -72
56.04 -72
56.05 -72
56.06 -69
56.07 -73
56.08 -72
56.09 -72
56.1 -73
56.11 -72
56.12 -74
56.13 -73
56.14 -73
56.15 -73
56.16 -71
56.17 -72
56.18 -73
56.2 -72
56.21 -71
56.22 -72
56.23 -72
56.24 -72
56.25 -71
56.26 -72
56.27 -71
56.28 -73
56.29 -71
56.3 -73
56.31 -72
56.32 -71
56.33 -72
56.34 -70
56.35 -71
56.36 -71
56.37 -70
56.38 -72
56.39 -73
56.4 -73
56.41 -74
56.42 -72
56.43 -71
56.45 -72
56.46 -72
56.47 -71
56.48 -74
56.49 -73
56.5 -72
56.51 -72
56.52 -72
56.53 -72
56.54 -73
56.55 -71
56.56 -72
56.57 -72
56.58 -73
56.59 -71
56.6 -71
56.61 -71
56.62 -71
56.63 -71
56.64 -72
56.65 -72
56.66 -71
56.67 -71
56.68 -69
56.69 -70
56.7 -71
56.71 -70
56.72 -71
56.73 -71
56.74 -71
56.75 -71
56.76 -70
56.77 -71
56.78 -71
56.79 -70
56.8 -70
56.81 -71
56.82 -70
56.83 -70
56.84 -70
56.85 -71
56.86 -72
56.88 -72
56.89 -72
56.9 -71
56.91 -72
56.92 -71
56.93 -71
56.94 -71
56.95 -71
56.96 -70
56.97 -70
56.98 -70
56.99 -69
57.0 -71
57.01 -69
57.02 -70
57.03 -71
57.04 -70
57.05 -70
57.06 -69
57.07 -71
57.08 -70
57.09 -70
57.1 -70
57.11 -70
57.12 -70
57.13 -69
57.14 -71
57.15 -71
57.16 -69
57.17 -70
57.18 -69
57.19 -69
57.2 -70
57.21 -68
57.22 -69
57.24 -70
57.24 -69
57.25 -71
57.26 -70
57.28 -70
57.28 -71
57.29 -69
57.31 -71
57.32 -69
57.33 -71
57.34 -70
57.35 -70
57.36 -69
57.37 -69
57.38 -69
57.39 -70
57.4 -69
57.41 -70
57.42 -71
57.43 -70
57.44 -69
57.45 -70
57.46 -70
57.47 -69
57.48 -70
57.49 -70
57.5 -69
57.51 -70
57.52 -71
57.53 -70
57.54 -72
57.55 -71
57.56 -69
57.57 -69
57.58 -71
57.59 -69
57.6 -70
57.61 -69
57.62 -69
57.63 -69
57.64 -70
57.65 -70
57.66 -70
57.67 -70
57.68 -71
57.69 -70
57.7 -71
57.72 -70
57.73 -71
57.74 -70
57.75 -70
57.76 -70
57.77 -70
57.78 -70
57.79 -70
57.8 -68
57.81 -69
57.82 -69
57.83 -70
57.84 -71
57.85 -71
57.86 -70
57.87 -69
57.88 -71
57.89 -71
57.9 -71
57.91 -70
57.92 -69
57.93 -69
57.94 -70
57.95 -70
57.96 -69
57.97 -71
57.98 -70
57.99 -70
58.0 -69
58.01 -71
58.02 -69
58.03 -70
58.04 -71
58.05 -71
58.06 -69
58.07 -70
58.08 -71
58.09 -71
58.1 -71
58.11 -70
58.12 -70
58.13 -70
58.14 -69
58.15 -69
58.17 -70
58.18 -69
58.19 -70
58.2 -69
58.21 -69
58.22 -67
58.23 -69
58.24 -68
58.25 -69
58.26 -69
58.27 -69
58.28 -69
58.29 -70
58.3 -70
58.31 -69
58.32 -68
58.33 -69
58.34 -69
58.35 -68
58.36 -68
58.37 -68
58.38 -69
58.39 -70
58.4 -69
58.41 -69
58.42 -68
58.43 -68
58.44 -70
58.45 -70
58.46 -70
58.47 -69
58.48 -71
58.49 -69
58.5 -71
58.51 -71
58.52 -69
58.53 -70
58.54 -70
58.55 -70
58.56 -71
58.57 -70
58.59 -70
58.6 -70
58.61 -70
58.62 -70
58.63 -70
58.64 -71
58.65 -69
58.66 -69
58.67 -70
58.68 -71
58.69 -71
58.7 -70
58.71 -70
58.72 -70
58.73 -71
58.74 -70
58.75 -70
58.76 -71
58.77 -70
58.78 -71
58.79 -70
58.8 -69
58.81 -70
58.82 -70
58.83 -68
58.84 -69
58.85 -69
58.86 -71
58.87 -71
58.88 -71
58.89 -70
58.9 -69
58.91 -70
58.92 -71
58.93 -71
58.94 -69
58.95 -70
58.96 -68
58.97 -70
58.98 -70
58.99 -70
59.0 -70
59.02 -69
59.03 -69
59.04 -70
59.05 -70
59.06 -69
59.07 -71
59.08 -71
59.09 -70
59.1 -68
59.11 -69
59.12 -69
59.13 -70
59.14 -69
59.15 -71
59.16 -70
59.17 -68
59.18 -70
59.19 -69
59.2 -71
59.21 -70
59.22 -70
59.23 -70
59.24 -69
59.25 -69
59.26 -69
59.27 -70
59.28 -68
59.29 -70
59.3 -70
59.31 -70
59.32 -70
59.33 -70
59.34 -69
59.35 -71
59.36 -69
59.37 -69
59.38 -69
59.39 -70
59.4 -71
59.42 -70
59.42 -71
59.44 -70
59.45 -68
59.46 -71
59.47 -71
59.48 -70
59.49 -70
59.5 -70
59.51 -71
59.52 -70
59.53 -70
59.54 -71
59.55 -70
59.56 -70
59.57 -71
59.58 -70
59.59 -71
59.6 -70
59.61 -69
59.62 -70
59.63 -70
59.64 -70
59.65 -70
59.66 -70
59.67 -70
59.68 -71
59.69 -71
59.7 -70
59.71 -69
59.72 -71
59.73 -71
59.74 -72
59.75 -69
59.76 -71
59.77 -71
59.78 -71
59.79 -70
59.8 -70
59.81 -70
59.82 -71
59.83 -70
59.84 -71
59.86 -70
59.87 -70
59.88 -71
59.89 -71
59.9 -70
59.91 -71
59.92 -70
59.93 -71
59.94 -71
59.95 -70
59.96 -69
59.97 -70
59.98 -71
59.99 -71
