0 -80
0.01 -80
0.02 -80
0.03 -79
0.04 -79
0.05 -79
0.06 -80
0.07 -80
0.1 -81
0.11 -81
0.12 -81
0.13 -82
0.15 -82
0.16 -83
0.17 -83
0.18 -83
0.2 -82
0.21 -83
0.22 -84
0.23 -83
0.24 -84
0.25 -82
0.27 -84
0.28 -83
0.31 -80
0.32 -80
0.33 -77
0.34 -80
0.36 -81
0.37 -79
0.38 -78
0.39 -79
0.41 -78
0.42 -80
0.43 -77
0.44 -78
0.45 -79
0.46 -79
0.47 -78
0.48 -78
0.49 -78
0.51 -77
0.52 -77
0.53 -76
0.54 -76
0.55 -76
0.56 -76
0.57 -77
0.58 -76
0.59 -75
0.61 -76
0.62 -76
0.63 -76
0.64 -76
0.65 -76
0.66 -76
0.67 -76
0.68 -77
0.69 -76
0.71 -75
0.72 -75
0.73 -77
0.74 -77
0.75 -77
0.76 -77
0.77 -76
0.78 -77
0.79 -75
0.82 -76
0.83 -75
0.84 -76
0.85 -74
0.86 -73
0.87 -77
0.88 -76
0.89 -74
0.9 -75
0.92 -75
0.93 -76
0.94 -77
0.95 -76
0.96 -76
0.97 -76
0.98 -76
0.99 -75
1.0 -74
1.02 -74
1.03 -74
1.04 -75
1.05 -75
1.06 -76
1.07 -75
1.08 -73
1.09 -75
1.1 -74
1.12 -75
1.13 -75
1.14 -75
1.15 -75
1.17 -75
1.18 -75
1.19 -74
1.2 -73
1.23 -74
1.24 -73
1.25 -74
1.26 -76
1.27 -76
1.28 -75
1.29 -75
1.3 -75
1.31 -74
1.33 -74
1.34 -73
1.35 -74
1.36 -76
1.37 -74
1.38 -75
1.39 -72
1.4 -74
1.41 -73
1.43 -73
1.44 -73
1.45 -75
1.46 -77
1.47 -72
1.48 -76
1.49 -75
1.5 -75
1.51 -76
1.53 -72
1.54 -75
1.55 -75
1.56 -76
1.57 -76
1.58 -75
1.59 -74
1.6 -74
1.61 -73
1.63 -73
1.64 -74
1.66 -76
1.67 -72
1.68 -75
1.69 -75
1.7 -75
1.71 -76
1.72 -77
1.74 -77
1.75 -77
1.76 -77
1.77 -77
1.78 -77
1.79 -76
1.8 -78
1.81 -77
1.82 -77
1.85 -77
1.86 -77
1.87 -77
1.88 -77
1.89 -77
1.9 -77
1.91 -76
1.92 -75
1.94 -77
1.95 -73
1.96 -77
2.0 -76
2.0 -76
2.01 -76
2.01 -76
2.01 -73
2.02 -76
2.04 -75
2.06 -76
2.06 -76
2.07 -74
2.09 -73
2.1 -73
2.11 -72
2.12 -73
2.13 -72
2.15 -72
2.16 -73
2.17 -73
2.18 -70
2.19 -70
2.2 -69
2.21 -70
2.22 -70
2.23 -69
2.25 -70
2.26 -72
2.27 -71
2.28 -70
2.29 -70
2.3 -69
2.31 -71
2.32 -70
2.33 -69
2.35 -70
2.36 -70
2.37 -69
2.38 -70
2.39 -69
2.4 -69
2.41 -70
2.42 -71
2.43 -69
2.45 -71
2.47 -70
2.48 -69
2.49 -70
2.51 -70
2.52 -70
2.53 -70
2.54 -70
2.56 -72
2.57 -71
2.59 -70
2.6 -70
2.61 -70
2.62 -69
2.63 -68
2.64 -69
2.66 -72
2.67 -73
2.68 -70
2.69 -71
2.7 -72
2.71 -71
2.72 -70
2.73 -71
2.74 -70
2.76 -72
2.77 -71
2.78 -70
2.79 -71
2.8 -71
2.81 -71
2.82 -71
2.83 -70
2.84 -71
2.86 -73
2.87 -72
2.88 -72
2.89 -71
2.9 -71
2.91 -71
2.92 -70
2.94 -71
2.95 -71
2.97 -73
2.98 -73
2.99 -72
3.0 -71
3.01 -72
3.02 -70
3.03 -71
3.04 -71
3.05 -70
3.07 -72
3.08 -71
3.09 -71
3.1 -71
3.11 -71
3.12 -71
3.13 -70
3.14 -70
3.15 -70
3.17 -72
3.18 -71
3.19 -70
3.2 -71
3.21 -70
3.22 -71
3.23 -70
3.24 -69
3.25 -70
3.27 -70
3.28 -69
3.29 -70
3.3 -70
3.31 -70
3.32 -69
3.33 -70
3.34 -69
3.35 -69
3.38 -68
3.39 -68
3.4 -68
3.41 -67
3.42 -68
3.43 -68
3.44 -67
3.45 -68
3.46 -70
3.48 -68
3.49 -69
3.5 -68
3.51 -68
3.52 -68
3.53 -68
3.54 -68
3.55 -68
3.56 -71
3.58 -69
3.59 -68
3.6 -68
3.61 -68
3.62 -68
3.63 -68
3.64 -67
3.65 -68
3.66 -70
3.68 -68
3.69 -67
3.7 -68
3.71 -68
3.72 -67
3.73 -68
3.74 -68
3.75 -69
3.76 -68
3.79 -68
3.8 -68
3.81 -68
3.82 -68
3.83 -67
3.84 -68
3.85 -69
3.86 -68
3.89 -68
3.9 -68
3.91 -67
3.92 -68
3.93 -68
3.94 -68
3.95 -67
3.96 -70
3.97 -69
3.99 -67
4.0 -68
4.01 -68
4.02 -68
4.03 -68
4.04 -69
4.05 -69
4.06 -69
4.07 -70
4.09 -68
4.1 -68
4.11 -68
4.12 -69
4.13 -68
4.14 -68
4.15 -70
4.16 -71
4.17 -69
4.19 -68
4.2 -68
4.22 -68
4.23 -68
4.24 -69
4.25 -68
4.26 -68
4.27 -70
4.28 -70
4.3 -69
4.31 -68
4.32 -68
4.33 -68
4.34 -68
4.35 -68
4.36 -69
4.37 -69
4.38 -70
4.4 -69
4.41 -69
4.42 -68
4.43 -68
4.44 -68
4.45 -69
4.46 -70
4.47 -69
4.48 -69
4.5 -69
4.51 -68
4.52 -68
4.53 -68
4.54 -68
4.55 -68
4.56 -71
4.57 -69
4.58 -67
4.65 -67
4.65 -67
4.65 -67
4.65 -68
4.66 -68
4.66 -70
4.67 -69
4.68 -68
4.69 -68
4.71 -68
4.72 -68
4.73 -68
4.74 -67
4.75 -68
4.76 -68
4.77 -70
4.78 -68
4.79 -68
4.81 -67
4.82 -68
4.83 -68
4.84 -68
4.85 -67
4.86 -70
4.87 -69
4.88 -69
4.89 -68
4.91 -67
4.92 -67
4.93 -68
4.94 -68
4.95 -68
4.96 -70
4.97 -69
4.98 -68
4.99 -69
5.01 -68
5.02 -67
5.03 -68
5.04 -68
5.05 -68
5.07 -68
5.08 -69
5.09 -67
5.1 -68
5.12 -67
5.13 -68
5.14 -67
5.15 -67
5.16 -70
5.17 -68
5.18 -69
5.19 -68
5.2 -68
5.22 -68
5.23 -69
5.24 -68
5.25 -68
5.26 -71
5.27 -69
5.28 -68
5.29 -69
5.3 -68
5.32 -69
5.33 -68
5.34 -68
5.35 -68
5.37 -69
5.38 -68
5.39 -68
5.4 -69
5.42 -68
5.43 -69
5.44 -69
5.46 -69
5.46 -69
5.47 -69
5.49 -69
5.5 -69
5.51 -69
5.53 -67
5.54 -69
5.55 -70
5.56 -69
5.57 -69
5.58 -70
5.59 -68
5.6 -69
5.61 -68
5.63 -69
5.64 -70
5.65 -68
5.66 -68
5.67 -68
5.68 -69
5.69 -70
5.7 -69
5.71 -70
5.73 -70
5.74 -70
5.75 -70
5.76 -69
5.77 -70
5.78 -68
5.79 -70
5.8 -70
5.81 -70
5.83 -70
5.84 -71
5.85 -70
5.86 -69
5.87 -70
5.88 -70
5.89 -70
5.9 -69
5.92 -70
5.94 -70
5.95 -69
5.96 -70
5.97 -70
5.98 -68
5.99 -71
6.0 -70
6.01 -70
6.02 -70
6.04 -70
6.05 -70
6.06 -71
6.07 -71
6.08 -70
6.09 -70
6.1 -70
6.11 -69
6.12 -70
6.14 -69
6.15 -70
6.16 -70
6.17 -69
6.18 -69
6.19 -70
6.2 -70
6.21 -71
6.22 -70
6.24 -68
6.25 -70
6.26 -70
6.27 -70
6.28 -70
6.29 -70
6.3 -70
6.31 -70
6.32 -71
6.35 -69
6.36 -70
6.37 -70
6.38 -69
6.39 -70
6.4 -70
6.41 -70
6.42 -70
6.43 -69
6.45 -70
6.46 -70
6.47 -70
6.48 -70
6.49 -70
6.5 -70
6.51 -70
6.52 -70
6.53 -69
6.55 -70
6.56 -68
6.57 -70
6.58 -70
6.59 -69
6.6 -70
6.61 -72
6.63 -71
6.65 -70
6.66 -71
6.67 -70
6.68 -71
6.69 -70
6.7 -70
6.72 -70
6.73 -71
6.76 -70
6.76 -71
6.78 -69
6.79 -69
6.8 -69
6.81 -70
6.82 -70
6.83 -70
6.84 -70
6.86 -71
6.87 -71
6.88 -70
6.89 -70
6.9 -70
6.91 -70
6.92 -69
6.93 -70
6.94 -70
6.96 -71
6.97 -71
6.98 -71
6.99 -70
7.0 -69
7.01 -70
7.02 -70
7.03 -70
7.04 -69
7.06 -71
7.07 -70
7.08 -69
7.09 -69
7.1 -69
7.11 -68
7.12 -69
7.13 -69
7.14 -68
7.17 -70
7.18 -69
7.2 -67
7.21 -68
7.22 -68
7.23 -67
7.24 -68
7.3 -68
7.31 -70
7.32 -70
7.32 -68
7.32 -68
7.33 -67
7.33 -69
7.34 -69
7.35 -68
7.37 -70
7.38 -69
7.39 -68
7.4 -67
7.41 -67
7.42 -68
7.43 -68
7.44 -68
7.45 -67
7.47 -70
7.48 -70
7.49 -69
7.5 -68
7.51 -68
7.52 -67
7.53 -68
7.54 -68
7.57 -69
7.58 -67
7.6 -67
7.6 -67
7.61 -68
7.63 -67
7.64 -67
7.65 -68
7.66 -69
7.68 -68
7.69 -68
7.7 -68
7.71 -68
7.72 -68
7.73 -66
7.74 -68
7.75 -67
7.76 -70
7.78 -68
7.79 -68
7.8 -68
7.81 -67
7.82 -67
7.83 -68
7.84 -67
7.85 -68
7.86 -70
7.88 -68
7.89 -67
7.9 -67
7.91 -69
7.92 -67
7.93 -67
7.94 -68
7.95 -68
7.96 -70
7.98 -67
7.99 -68
8.0 -67
8.01 -68
8.02 -68
8.03 -68
8.05 -67
8.06 -69
8.07 -68
8.09 -67
8.1 -68
8.11 -68
8.12 -68
8.13 -67
8.14 -67
8.15 -67
8.16 -68
8.17 -67
8.19 -67
8.2 -66
8.21 -66
8.22 -67
8.23 -66
8.24 -66
8.25 -67
8.26 -68
8.27 -68
8.29 -66
8.3 -66
8.31 -65
8.32 -66
8.33 -67
8.34 -66
8.35 -66
8.36 -67
8.37 -66
8.39 -65
8.41 -67
8.41 -66
8.42 -66
8.44 -67
8.44 -65
8.45 -68
8.46 -67
8.47 -66
8.5 -66
8.51 -66
8.52 -66
8.53 -66
8.54 -66
8.55 -66
8.56 -68
8.57 -68
8.58 -66
8.6 -66
8.61 -66
8.62 -66
8.63 -66
8.64 -67
8.65 -66
8.66 -68
8.67 -66
8.68 -66
8.7 -66
8.71 -66
8.72 -65
8.73 -65
8.74 -66
8.75 -65
8.76 -68
8.77 -68
8.78 -66
8.8 -66
8.81 -66
8.82 -66
8.83 -67
8.84 -66
8.86 -65
8.86 -68
8.87 -66
8.88 -66
8.91 -67
8.92 -66
8.93 -65
8.94 -65
8.95 -65
8.96 -67
8.97 -67
8.98 -65
8.99 -66
9.01 -65
9.02 -65
9.03 -66
9.04 -65
9.05 -66
9.06 -68
9.07 -66
9.08 -66
9.09 -65
9.11 -66
9.12 -66
9.13 -65
9.14 -66
9.15 -66
9.16 -66
9.17 -67
9.19 -66
9.21 -67
9.22 -66
9.23 -67
9.24 -66
9.25 -67
9.26 -67
9.27 -68
9.28 -68
9.29 -68
9.31 -67
9.32 -67
9.34 -68
9.35 -67
9.36 -68
9.37 -67
9.38 -67
9.39 -67
9.4 -67
9.42 -70
9.43 -70
9.44 -67
9.45 -70
9.46 -70
9.47 -71
9.48 -69
9.49 -70
9.5 -70
9.52 -71
9.53 -71
9.54 -71
9.55 -71
9.56 -71
9.57 -73
9.58 -74
9.59 -72
9.6 -72
9.61 -71
9.62 -73
9.63 -71
9.64 -73
9.65 -73
9.66 -74
9.67 -73
9.68 -74
9.69 -73
9.7 -74
9.72 -74
9.73 -73
9.75 -74
9.75 -74
9.77 -74
9.78 -74
9.79 -74
9.8 -72
9.81 -72
9.83 -72
9.84 -74
9.85 -73
9.86 -75
9.87 -75
9.88 -73
9.89 -73
9.9 -72
9.91 -72
9.93 -72
9.94 -72
9.95 -73
9.98 -73
9.99 -74
10.0 -74
10.01 -74
10.03 -75
10.04 -74
10.05 -71
10.06 -75
10.07 -75
10.16 -74
10.16 -74
10.17 -75
10.17 -75
10.18 -75
10.18 -76
10.18 -75
10.19 -75
10.19 -75
10.2 -75
10.21 -76
10.22 -75
10.24 -76
10.25 -72
10.26 -77
10.27 -76
10.28 -75
10.29 -75
10.3 -75
10.31 -76
10.32 -76
10.34 -75
10.35 -76
10.36 -77
10.37 -76
10.38 -73
10.39 -76
10.4 -76
10.41 -75
10.42 -76
10.44 -76
10.45 -77
10.46 -78
10.47 -78
10.48 -77
10.49 -76
10.5 -77
10.51 -75
10.52 -77
10.54 -75
10.55 -77
10.56 -78
10.57 -76
10.58 -77
10.59 -77
10.61 -72
10.62 -77
10.63 -77
10.65 -76
10.66 -77
10.67 -76
10.68 -77
10.69 -77
10.7 -77
10.71 -77
10.72 -77
10.73 -77
10.75 -77
10.76 -79
10.77 -77
10.78 -77
10.79 -77
10.8 -76
10.81 -76
10.82 -76
10.83 -73
10.84 -74
10.85 -76
10.86 -79
10.87 -78
10.88 -78
10.89 -77
10.9 -77
10.91 -77
10.92 -78
10.93 -78
10.95 -78
10.96 -79
10.97 -78
10.98 -77
10.99 -78
11.0 -78
11.01 -77
11.03 -77
11.03 -77
11.06 -79
11.07 -79
11.09 -77
11.1 -76
11.11 -78
11.12 -77
11.13 -77
11.14 -77
11.16 -77
11.17 -80
11.19 -78
11.2 -77
11.21 -79
11.22 -78
11.23 -78
11.24 -78
11.26 -79
11.27 -79
11.28 -78
11.29 -79
11.3 -78
11.31 -78
11.32 -78
11.33 -78
11.34 -79
11.36 -78
11.37 -78
11.38 -75
11.39 -77
11.4 -78
11.41 -74
11.42 -79
11.43 -78
11.44 -78
11.47 -79
11.48 -80
11.49 -78
11.5 -78
11.51 -77
11.52 -78
11.53 -78
11.54 -78
11.55 -77
11.59 -79
11.6 -77
11.61 -78
11.62 -77
11.63 -77
11.64 -77
11.65 -76
11.67 -77
11.69 -76
11.7 -76
11.71 -77
11.72 -77
11.73 -77
11.74 -77
11.75 -77
11.77 -76
11.78 -75
11.79 -75
11.8 -74
11.81 -75
11.82 -74
11.83 -72
11.84 -75
11.85 -76
11.87 -76
11.88 -75
11.9 -76
11.91 -74
11.92 -75
11.93 -75
11.94 -74
11.95 -74
11.96 -76
11.98 -74
11.99 -74
12.0 -74
12.01 -74
12.02 -74
12.03 -74
12.04 -73
12.05 -73
12.06 -74
12.08 -73
12.09 -73
12.1 -73
12.11 -74
12.12 -73
12.13 -73
12.14 -73
12.15 -73
12.16 -75
12.18 -73
12.19 -71
12.2 -72
12.21 -73
12.22 -72
12.23 -73
12.24 -72
12.25 -70
12.27 -73
12.28 -72
12.29 -72
12.3 -71
12.31 -71
12.33 -71
12.34 -71
12.35 -71
12.36 -73
12.37 -73
12.39 -70
12.4 -71
12.41 -70
12.42 -71
12.43 -71
12.44 -71
12.45 -69
12.46 -72
12.47 -71
12.49 -70
12.5 -71
12.51 -71
12.52 -71
12.53 -71
12.54 -69
12.55 -70
12.56 -71
12.57 -70
12.59 -70
12.6 -70
12.61 -69
12.62 -70
12.63 -69
12.64 -68
12.65 -70
12.67 -70
12.69 -69
12.7 -68
12.71 -68
12.72 -68
12.73 -67
12.75 -68
12.76 -67
12.77 -68
12.78 -67
12.8 -68
12.81 -68
12.82 -67
12.83 -67
12.84 -67
12.85 -67
12.86 -67
12.87 -67
12.88 -67
12.9 -67
12.91 -67
12.92 -67
12.93 -66
12.94 -67
12.95 -67
12.96 -66
12.97 -67
12.98 -67
12.99 -67
13.0 -66
13.01 -68
13.02 -67
13.03 -68
13.04 -67
13.05 -67
13.06 -67
13.07 -67
13.08 -67
13.1 -66
13.11 -66
13.12 -68
13.13 -67
13.14 -68
13.15 -66
13.17 -66
13.18 -67
13.19 -67
13.2 -66
13.21 -67
13.22 -67
13.23 -67
13.24 -66
13.25 -67
13.26 -68
13.27 -67
13.28 -67
13.29 -67
13.31 -67
13.32 -67
13.33 -67
13.34 -67
13.35 -66
13.36 -67
13.37 -67
13.38 -67
13.39 -66
13.41 -67
13.42 -67
13.43 -66
13.44 -66
13.45 -67
13.46 -67
13.47 -67
13.48 -67
13.49 -67
13.51 -65
13.52 -67
13.53 -66
13.54 -66
13.55 -67
13.57 -67
13.57 -67
13.59 -67
13.59 -67
13.62 -65
13.63 -66
13.64 -66
13.65 -66
13.74 -66
13.74 -66
13.75 -65
13.75 -65
13.75 -66
13.76 -66
13.76 -65
13.76 -66
13.77 -66
13.77 -66
13.78 -66
13.79 -67
13.79 -65
13.8 -66
13.82 -66
13.83 -65
13.84 -65
13.85 -65
13.86 -66
13.87 -64
13.88 -65
13.89 -66
13.9 -65
13.91 -65
13.92 -66
13.93 -68
13.94 -67
13.97 -65
13.97 -68
13.98 -67
13.99 -67
14.01 -68
14.03 -66
14.04 -66
14.05 -66
14.06 -66
14.07 -66
14.08 -66
14.09 -65
14.1 -65
14.11 -66
14.13 -66
14.14 -65
14.15 -66
14.16 -67
14.17 -67
14.18 -66
14.19 -66
14.2 -66
14.21 -66
14.23 -66
14.24 -65
14.25 -66
14.26 -67
14.27 -67
14.28 -67
14.29 -66
14.3 -65
14.31 -65
14.33 -65
14.34 -65
14.35 -65
14.36 -67
14.37 -66
14.38 -65
14.39 -65
14.4 -65
14.41 -65
14.43 -65
14.44 -65
14.46 -67
14.47 -66
14.48 -67
14.49 -66
14.5 -66
14.51 -66
14.52 -66
14.54 -66
14.55 -66
14.56 -67
14.57 -66
14.58 -66
14.59 -65
14.6 -65
14.61 -66
14.62 -65
14.64 -66
14.65 -64
14.66 -68
14.67 -66
14.68 -65
14.69 -66
14.71 -65
14.74 -65
14.75 -65
14.76 -67
14.77 -66
14.78 -66
14.79 -65
14.8 -66
14.81 -66
14.82 -66
14.84 -65
14.85 -66
14.86 -67
14.88 -66
14.89 -65
14.9 -65
14.91 -65
14.92 -65
14.93 -65
14.95 -66
14.96 -66
14.98 -65
14.99 -65
15.0 -64
15.01 -65
15.02 -65
15.03 -64
15.05 -65
15.06 -67
15.07 -65
15.08 -65
15.09 -65
15.1 -65
15.11 -64
15.12 -65
15.13 -65
15.14 -64
15.15 -65
15.16 -67
15.17 -66
15.18 -65
15.19 -65
15.2 -65
15.21 -65
15.22 -66
15.23 -65
15.25 -65
15.27 -67
15.28 -65
15.3 -65
15.31 -66
15.32 -65
15.33 -65
15.34 -65
15.36 -67
15.37 -66
15.38 -66
15.39 -65
15.4 -66
15.41 -66
15.42 -67
15.43 -66
15.44 -66
15.46 -67
15.47 -68
15.48 -67
15.49 -66
15.5 -65
15.51 -66
15.52 -65
15.53 -66
15.54 -66
15.56 -67
15.57 -67
15.58 -66
15.59 -66
15.6 -65
15.61 -66
15.62 -65
15.63 -65
15.64 -66
15.66 -66
15.67 -66
15.68 -66
15.69 -65
15.7 -66
15.71 -65
15.73 -65
15.74 -66
15.75 -65
15.76 -66
15.77 -67
15.78 -66
15.79 -65
15.8 -66
15.81 -65
15.82 -65
15.83 -65
15.84 -64
15.85 -65
15.87 -67
15.88 -66
15.89 -66
15.9 -65
15.91 -66
15.92 -66
15.93 -66
15.94 -65
15.95 -66
15.97 -66
15.98 -65
15.99 -66
16.0 -66
16.01 -66
16.02 -65
16.03 -65
16.04 -65
16.05 -65
16.06 -66
16.07 -66
16.08 -65
16.09 -65
16.1 -65
16.11 -65
16.12 -66
16.13 -64
16.14 -64
16.16 -67
16.18 -66
16.19 -65
16.2 -65
16.21 -66
16.22 -66
16.23 -66
16.24 -65
16.25 -65
16.26 -66
16.28 -66
16.29 -66
16.3 -66
16.31 -66
16.32 -65
16.33 -65
16.34 -66
16.35 -65
16.36 -67
16.38 -65
16.39 -65
16.4 -66
16.41 -65
16.42 -65
16.43 -65
16.44 -65
16.45 -66
16.46 -66
16.48 -65
16.49 -66
16.5 -66
16.51 -66
16.52 -65
16.53 -65
16.54 -65
16.55 -67
16.56 -68
16.59 -65
16.6 -65
16.61 -66
16.62 -66
16.63 -65
16.64 -65
16.65 -66
16.66 -66
16.67 -65
16.69 -65
16.7 -66
16.71 -64
16.72 -65
16.73 -65
16.74 -65
16.75 -66
16.76 -67
16.77 -67
16.79 -64
16.8 -65
16.81 -65
16.82 -65
16.83 -66
16.84 -66
16.85 -64
16.86 -66
16.87 -68
16.89 -66
16.9 -65
16.91 -66
16.92 -65
16.93 -66
16.94 -66
16.95 -67
16.96 -66
16.97 -66
16.99 -66
17.0 -65
17.02 -66
17.03 -66
17.04 -66
17.05 -65
17.06 -66
17.07 -67
17.08 -66
17.1 -65
17.11 -66
17.12 -66
17.14 -66
17.15 -66
17.16 -68
17.17 -67
17.18 -67
17.2 -66
17.21 -67
17.22 -67
17.23 -66
17.24 -66
17.25 -66
17.26 -68
17.27 -67
17.28 -67
17.3 -66
17.31 -66
17.32 -67
17.33 -66
17.34 -67
17.35 -66
17.36 -67
17.37 -66
17.38 -66
17.4 -66
17.41 -67
17.42 -66
17.44 -67
17.45 -66
17.46 -68
17.47 -67
17.48 -66
17.49 -66
17.51 -66
17.52 -66
17.53 -66
17.54 -66
17.55 -66
17.56 -67
17.57 -67
17.58 -65
17.59 -66
17.61 -66
17.62 -66
17.63 -66
17.64 -66
17.65 -67
17.66 -67
17.67 -66
17.68 -66
17.69 -65
17.71 -66
17.72 -66
17.73 -65
17.74 -66
17.75 -66
17.76 -66
17.77 -66
17.78 -66
17.79 -66
17.81 -66
17.82 -67
17.83 -67
17.84 -66
17.85 -67
17.87 -68
17.88 -66
17.89 -66
17.9 -65
17.92 -66
17.93 -65
17.94 -65
17.95 -65
17.96 -66
17.97 -67
17.98 -67
17.99 -66
18.0 -66
18.02 -66
18.03 -66
18.04 -66
18.05 -65
18.06 -66
18.08 -66
18.09 -66
18.1 -66
18.12 -66
18.13 -66
18.14 -66
18.26 -65
18.27 -67
18.27 -66
18.27 -66
18.28 -66
18.28 -65
18.29 -66
18.29 -65
18.3 -66
18.3 -66
18.3 -67
18.31 -66
18.31 -66
18.31 -65
18.32 -65
18.33 -65
18.34 -65
18.35 -65
18.36 -67
18.37 -67
18.38 -65
18.39 -65
18.4 -65
18.41 -66
18.43 -66
18.44 -65
18.45 -66
18.46 -67
18.47 -66
18.48 -66
18.49 -66
18.5 -65
18.51 -66
18.53 -66
18.54 -65
18.55 -66
18.56 -66
18.58 -66
18.59 -66
18.6 -65
18.61 -66
18.63 -66
18.64 -65
18.65 -67
18.66 -67
18.67 -66
18.68 -65
18.69 -66
18.71 -65
18.72 -66
18.74 -65
18.75 -66
18.76 -67
18.77 -67
18.78 -67
18.79 -66
18.8 -67
18.81 -67
18.82 -66
18.84 -67
18.85 -67
18.86 -68
18.87 -67
18.88 -66
18.89 -66
18.9 -66
18.91 -66
18.92 -66
18.94 -66
18.95 -66
18.96 -67
18.97 -68
18.98 -66
18.99 -66
19.0 -66
19.01 -66
19.02 -66
19.04 -66
19.05 -66
19.07 -67
19.08 -67
19.09 -67
19.1 -66
19.11 -66
19.13 -67
19.15 -66
19.16 -68
19.17 -66
19.18 -66
19.19 -66
19.2 -66
19.21 -66
19.22 -66
19.23 -66
19.25 -66
19.26 -65
19.27 -66
19.28 -66
19.29 -65
19.3 -67
19.31 -66
19.32 -67
19.33 -66
19.35 -66
19.36 -66
19.37 -66
19.38 -66
19.39 -66
19.4 -66
19.41 -65
19.42 -66
19.43 -65
19.45 -66
19.46 -68
19.47 -67
19.48 -67
19.49 -67
19.5 -67
19.51 -66
19.52 -66
19.53 -66
19.55 -66
19.57 -67
19.58 -66
19.59 -67
19.6 -66
19.61 -66
19.62 -66
19.63 -66
19.64 -65
19.66 -67
19.67 -67
19.68 -66
19.69 -66
19.7 -66
19.71 -66
19.72 -66
19.73 -66
19.74 -67
19.76 -67
19.77 -67
19.78 -67
19.79 -66
19.8 -66
19.81 -67
19.82 -65
19.83 -67
19.84 -67
19.86 -68
19.87 -67
19.88 -67
19.89 -66
19.9 -65
19.91 -66
19.92 -65
19.93 -66
19.94 -66
19.96 -67
19.97 -67
19.98 -67
20.0 -65
20.01 -66
20.02 -65
20.03 -66
20.04 -65
20.05 -66
20.06 -66
20.07 -66
20.08 -67
20.09 -66
20.1 -66
20.11 -67
20.12 -66
20.13 -65
20.14 -66
20.15 -66
20.17 -67
20.18 -67
20.19 -66
20.2 -67
20.21 -65
20.22 -66
20.23 -66
20.24 -66
20.25 -67
20.26 -76
20.27 -66
20.28 -66
20.29 -66
20.3 -65
20.31 -65
20.32 -65
20.33 -67
20.34 -66
20.35 -67
20.37 -65
20.39 -65
20.39 -66
20.4 -66
20.41 -66
20.43 -65
20.44 -66
20.45 -67
20.46 -68
20.47 -67
20.49 -67
20.5 -65
20.51 -66
20.52 -66
20.53 -66
20.54 -65
20.55 -65
20.56 -67
20.58 -66
20.59 -66
20.6 -65
20.61 -66
20.62 -65
20.63 -66
20.64 -66
20.65 -66
20.66 -68
20.68 -65
20.69 -66
20.7 -66
20.71 -66
20.72 -66
20.73 -67
20.74 -67
20.75 -66
20.77 -67
20.78 -66
20.79 -66
20.8 -65
20.81 -66
20.82 -65
20.83 -66
20.84 -66
20.86 -68
20.87 -68
20.89 -66
20.9 -66
20.91 -65
20.92 -65
20.93 -65
20.94 -65
20.95 -66
20.96 -67
20.97 -67
20.99 -64
21.0 -65
21.01 -66
21.02 -66
21.03 -66
21.04 -65
21.05 -66
21.06 -67
21.07 -66
21.09 -65
21.1 -65
21.11 -66
21.12 -66
21.13 -65
21.14 -65
21.15 -65
21.16 -67
21.17 -65
21.19 -65
21.2 -65
21.21 -65
21.22 -66
21.23 -66
21.24 -65
21.25 -66
21.27 -66
21.28 -67
21.29 -63
21.3 -65
21.31 -65
21.32 -65
21.33 -66
21.34 -65
21.35 -65
21.36 -67
21.37 -67
21.38 -65
21.4 -65
21.41 -64
21.42 -65
21.43 -65
21.44 -65
21.45 -66
21.46 -66
21.47 -66
21.48 -66
21.5 -65
21.51 -66
21.52 -66
21.53 -64
21.54 -66
21.55 -66
21.56 -68
21.57 -66
21.58 -65
21.6 -65
21.61 -65
21.62 -64
21.63 -65
21.64 -65
21.65 -66
21.66 -66
21.67 -66
21.68 -65
21.71 -66
21.72 -65
21.73 -66
21.74 -65
21.75 -65
21.77 -66
21.78 -66
21.79 -64
21.81 -66
21.82 -64
21.83 -65
21.84 -66
21.85 -65
21.86 -68
21.87 -67
21.88 -65
21.89 -65
21.91 -66
21.92 -64
21.93 -65
21.94 -65
21.95 -64
21.96 -68
21.97 -65
21.98 -65
21.99 -65
22.01 -65
22.02 -65
22.03 -66
22.04 -65
22.05 -66
22.06 -66
22.07 -66
22.08 -65
22.09 -65
22.11 -66
22.12 -66
22.14 -65
22.15 -65
22.16 -67
22.17 -68
22.18 -65
22.19 -65
22.2 -65
22.22 -65
22.23 -65
22.24 -66
22.25 -65
22.26 -66
22.27 -67
22.28 -65
22.29 -66
22.3 -65
22.32 -65
22.33 -66
22.34 -65
22.35 -66
22.36 -67
22.37 -67
22.38 -66
22.39 -65
22.4 -65
22.42 -65
22.43 -65
22.44 -66
22.45 -66
22.46 -67
22.47 -66
22.48 -66
22.49 -65
22.5 -64
22.52 -65
22.54 -66
22.54 -65
22.56 -66
22.57 -66
22.58 -67
22.59 -65
22.6 -65
22.61 -65
22.63 -65
22.64 -66
22.65 -65
22.66 -66
22.67 -66
22.68 -66
22.69 -66
22.7 -65
22.71 -65
22.73 -64
22.74 -65
22.75 -65
22.78 -67
22.79 -66
22.8 -65
22.81 -65
22.83 -64
22.84 -66
22.85 -66
22.86 -67
22.87 -67
22.88 -66
22.89 -66
22.9 -65
22.91 -65
22.93 -65
22.94 -66
22.95 -66
22.96 -67
22.97 -68
22.99 -66
23.0 -65
23.01 -65
23.02 -65
23.03 -65
23.04 -65
23.05 -65
23.06 -66
23.07 -67
23.08 -66
23.09 -65
23.1 -65
23.11 -66
23.12 -65
23.14 -66
23.15 -66
23.16 -67
23.17 -67
23.18 -66
23.19 -65
23.2 -65
23.22 -66
23.24 -66
23.25 -66
23.26 -67
23.27 -66
23.28 -65
23.29 -65
23.3 -65
23.31 -65
23.32 -66
23.34 -65
23.35 -67
23.36 -67
23.37 -66
23.38 -66
23.39 -65
23.41 -65
23.42 -66
23.43 -66
23.45 -65
23.46 -68
23.47 -68
23.48 -65
23.49 -65
23.5 -65
23.51 -65
23.52 -65
23.53 -65
23.54 -65
23.55 -66
23.56 -67
23.57 -67
23.58 -67
23.59 -68
23.6 -68
23.61 -67
23.62 -67
23.63 -66
23.65 -66
23.66 -67
23.67 -65
23.68 -67
23.69 -68
23.7 -66
23.71 -67
23.72 -66
23.73 -66
23.75 -66
23.76 -66
23.77 -66
23.78 -66
23.79 -66
23.8 -66
23.81 -65
23.82 -66
23.84 -66
23.86 -66
23.87 -66
23.88 -67
23.89 -65
23.9 -66
23.91 -66
23.92 -67
23.93 -66
23.94 -66
23.96 -65
23.97 -66
23.98 -66
24.11 -66
24.12 -66
24.12 -66
24.12 -66
24.13 -67
24.13 -67
24.14 -66
24.14 -65
24.14 -66
24.15 -66
24.15 -66
24.16 -66
24.16 -66
24.16 -66
24.17 -66
24.17 -66
24.18 -66
24.18 -67
24.19 -66
24.2 -66
24.21 -66
24.22 -67
24.23 -66
24.25 -66
24.27 -66
24.28 -65
24.29 -66
24.3 -66
24.31 -66
24.32 -66
24.33 -67
24.34 -66
24.35 -66
24.37 -67
24.38 -66
24.39 -66
24.4 -66
24.41 -67
24.42 -66
24.43 -66
24.44 -66
24.45 -66
24.47 -65
24.48 -66
24.49 -66
24.5 -66
24.51 -66
24.52 -66
24.53 -67
24.54 -65
24.55 -66
24.57 -66
24.58 -67
24.59 -66
24.6 -66
24.61 -67
24.62 -65
24.63 -67
24.64 -66
24.65 -66
24.67 -66
24.68 -66
24.7 -66
24.71 -66
24.72 -66
24.73 -66
24.74 -66
24.75 -66
24.76 -67
24.78 -67
24.79 -67
24.8 -67
24.81 -66
24.82 -66
24.83 -66
24.84 -67
24.85 -68
24.86 -67
24.88 -68
24.91 -67
24.92 -67
24.93 -66
24.94 -67
24.95 -67
24.96 -66
24.98 -67
24.99 -66
25.0 -66
25.01 -67
25.02 -67
25.03 -66
25.04 -67
25.05 -67
25.06 -68
25.08 -66
25.09 -68
25.1 -68
25.12 -66
25.13 -65
25.14 -67
25.15 -67
25.16 -66
25.17 -66
25.19 -68
25.2 -67
25.21 -66
25.22 -67
25.23 -67
25.24 -67
25.25 -66
25.26 -66
25.27 -68
25.29 -67
25.3 -67
25.31 -67
25.32 -67
25.33 -66
25.34 -66
25.35 -66
25.36 -66
25.37 -68
25.39 -67
25.4 -67
25.41 -67
25.42 -67
25.43 -66
25.44 -66
25.45 -67
25.46 -67
25.47 -67
25.49 -68
25.5 -67
25.51 -66
25.52 -68
25.54 -67
25.55 -67
25.56 -67
25.57 -67
25.58 -67
25.6 -67
25.61 -66
25.62 -66
25.63 -67
25.64 -67
25.65 -67
25.66 -67
25.67 -67
25.68 -67
25.7 -67
25.71 -67
25.72 -67
25.73 -67
25.74 -67
25.75 -68
25.76 -67
25.77 -67
25.78 -66
25.8 -66
25.81 -67
25.82 -66
25.83 -66
25.84 -66
25.85 -67
25.86 -67
25.87 -67
25.88 -67
25.9 -68
25.91 -67
25.92 -68
25.93 -67
25.94 -68
25.95 -68
25.97 -68
25.98 -68
25.99 -68
26.01 -67
26.02 -67
26.03 -67
26.04 -68
26.05 -68
26.06 -68
26.07 -67
26.08 -68
26.09 -67
26.11 -66
26.12 -67
26.13 -68
26.14 -68
26.15 -67
26.16 -67
26.17 -68
26.18 -67
26.19 -66
26.21 -67
26.22 -67
26.23 -68
26.24 -67
26.25 -67
26.26 -67
26.27 -67
26.28 -67
26.29 -67
26.31 -67
26.32 -68
26.33 -68
26.34 -68
26.35 -67
26.36 -67
26.38 -67
26.38 -67
26.4 -68
26.42 -67
26.43 -68
26.44 -68
26.45 -68
26.46 -68
26.47 -67
26.48 -68
26.49 -67
26.5 -68
26.52 -68
26.53 -68
26.54 -68
26.55 -67
26.56 -68
26.57 -68
26.58 -68
26.59 -67
26.6 -68
26.62 -67
26.63 -69
26.64 -67
26.65 -67
26.66 -68
26.67 -68
26.68 -68
26.69 -67
26.7 -67
26.72 -67
26.73 -67
26.74 -69
26.75 -69
26.76 -69
26.77 -68
26.78 -67
26.79 -69
26.8 -69
26.83 -67
26.84 -68
26.85 -68
26.86 -68
26.87 -68
26.88 -67
26.89 -68
26.9 -67
26.91 -69
26.93 -68
26.94 -68
26.95 -68
26.96 -67
26.97 -68
26.98 -67
26.99 -68
27.0 -67
27.01 -68
27.03 -67
27.04 -68
27.05 -68
27.06 -67
27.07 -67
27.08 -68
27.09 -68
27.1 -67
27.11 -68
27.13 -68
27.14 -68
27.15 -67
27.16 -67
27.17 -67
27.18 -67
27.19 -67
27.2 -67
27.21 -68
27.23 -68
27.25 -67
27.26 -68
27.27 -68
27.28 -69
27.29 -69
27.3 -68
27.31 -68
27.32 -67
27.34 -67
27.35 -67
27.36 -67
27.37 -67
27.38 -68
27.39 -68
27.4 -68
27.41 -68
27.42 -67
27.44 -67
27.45 -67
27.46 -68
27.47 -67
27.48 -68
27.49 -68
27.5 -69
27.51 -68
27.52 -67
27.54 -67
27.55 -68
27.56 -67
27.57 -66
27.58 -66
27.59 -66
27.6 -68
27.61 -68
27.62 -67
27.64 -67
27.66 -66
27.67 -69
27.68 -66
27.69 -66
27.7 -68
27.71 -68
27.72 -68
27.73 -68
27.75 -68
27.76 -66
27.77 -67
27.78 -67
27.79 -67
27.8 -67
27.81 -66
27.82 -66
27.83 -68
27.85 -68
27.86 -67
27.87 -67
27.88 -68
27.89 -66
27.9 -67
27.91 -67
27.92 -67
27.93 -66
27.95 -67
27.96 -67
27.97 -66
27.98 -66
27.99 -68
28.0 -67
28.01 -68
28.02 -67
28.03 -67
28.05 -68
28.06 -68
28.07 -67
28.08 -67
28.09 -66
28.11 -68
28.12 -67
28.13 -67
28.14 -67
28.16 -67
28.17 -67
28.18 -67
28.19 -67
28.2 -66
28.21 -67
28.22 -66
28.23 -66
28.24 -67
28.26 -67
28.27 -67
28.28 -67
28.29 -67
28.3 -68
28.31 -67
28.32 -66
28.33 -66
28.34 -67
28.36 -66
28.37 -67
28.38 -66
28.39 -66
28.4 -66
28.41 -67
28.42 -67
28.43 -65
28.44 -66
28.46 -67
28.47 -66
28.48 -67
28.49 -67
28.5 -67
28.51 -67
28.52 -67
28.54 -67
28.55 -66
28.57 -67
28.58 -67
28.59 -67
28.6 -67
28.61 -66
28.62 -67
28.63 -66
28.64 -66
28.65 -66
28.67 -67
28.68 -66
28.69 -66
28.7 -67
28.71 -67
28.72 -67
28.73 -67
28.74 -67
28.75 -67
28.77 -67
28.78 -66
28.79 -66
28.8 -66
28.81 -66
28.82 -66
28.83 -66
28.84 -67
28.85 -66
28.87 -66
28.88 -66
28.89 -66
28.9 -66
28.91 -67
28.92 -68
28.93 -66
28.95 -67
28.96 -67
28.98 -66
28.99 -67
29.0 -66
29.01 -66
29.02 -67
29.03 -66
29.04 -66
29.05 -67
29.06 -67
29.08 -67
29.09 -67
29.1 -66
29.11 -67
29.12 -66
29.13 -66
29.14 -67
29.15 -67
29.16 -65
29.18 -65
29.19 -66
29.2 -67
29.21 -67
29.22 -66
29.23 -66
29.24 -66
29.25 -66
29.26 -66
29.28 -66
29.29 -66
29.3 -66
29.31 -65
29.32 -66
29.33 -67
29.34 -66
29.35 -67
29.36 -66
29.39 -66
29.4 -66
29.41 -66
29.42 -67
29.43 -67
29.44 -67
29.45 -67
29.46 -67
29.47 -66
29.49 -66
29.5 -67
29.51 -67
29.52 -67
29.53 -67
29.54 -67
29.55 -66
29.56 -67
29.57 -67
29.59 -68
29.6 -67
29.61 -66
29.62 -66
29.63 -66
29.64 -67
29.66 -68
29.67 -68
29.69 -66
29.7 -67
29.71 -67
29.72 -68
29.73 -66
29.74 -66
29.75 -66
29.76 -66
29.77 -68
29.8 -67
29.81 -67
29.82 -68
29.83 -67
29.84 -68
29.85 -67
29.86 -66
29.87 -67
29.88 -66
29.9 -67
29.91 -66
29.92 -66
29.93 -67
29.94 -67
29.95 -67
29.96 -67
29.97 -67
29.98 -66
30.0 -67
30.01 -67
30.02 -67
30.03 -67
30.04 -67
30.05 -67
30.06 -67
30.07 -68
30.08 -68
30.1 -67
30.11 -68
30.12 -67
30.13 -67
30.14 -67
30.15 -67
30.16 -68
30.17 -68
30.18 -68
30.2 -67
30.21 -66
30.22 -67
30.24 -67
30.25 -67
30.26 -67
30.28 -67
30.29 -67
30.31 -67
30.32 -67
30.33 -67
30.34 -66
30.35 -67
30.36 -67
30.37 -66
30.38 -68
30.39 -66
30.41 -67
30.42 -67
30.43 -67
30.44 -67
30.45 -67
30.46 -67
30.47 -67
30.48 -66
30.5 -66
30.51 -66
30.52 -66
30.53 -66
30.54 -67
30.55 -67
30.56 -67
30.57 -66
30.58 -66
30.59 -66
30.61 -66
30.62 -66
30.63 -66
30.64 -67
30.66 -66
30.67 -66
30.68 -66
30.69 -67
30.7 -66
30.72 -66
30.73 -66
30.74 -66
30.75 -66
30.76 -66
30.77 -66
30.78 -67
30.79 -66
30.8 -66
30.82 -66
30.83 -66
30.84 -66
30.85 -66
30.86 -67
30.87 -66
30.88 -66
30.89 -67
30.9 -66
30.92 -67
30.93 -66
30.94 -66
30.95 -67
30.96 -67
30.97 -67
30.98 -67
30.99 -67
31.0 -67
31.02 -67
31.03 -67
31.04 -67
31.05 -66
31.06 -67
31.07 -68
31.09 -66
31.1 -67
31.11 -66
31.13 -68
31.14 -67
31.15 -67
31.16 -67
31.17 -67
31.18 -67
31.19 -67
31.2 -67
31.21 -66
31.23 -66
31.24 -67
31.25 -67
31.26 -67
31.27 -68
31.28 -67
31.29 -66
31.3 -66
31.31 -66
31.33 -68
31.34 -67
31.35 -67
31.53 -67
31.53 -68
31.53 -67
31.54 -67
31.54 -67
31.55 -67
31.55 -68
31.56 -67
31.56 -67
31.56 -67
31.57 -67
31.57 -67
31.57 -67
31.58 -66
31.58 -66
31.59 -66
31.59 -66
31.59 -67
31.6 -67
31.6 -66
31.61 -68
31.62 -67
31.64 -66
31.65 -66
31.66 -66
31.67 -66
31.68 -67
31.69 -67
31.7 -66
31.71 -67
31.72 -67
31.74 -66
31.75 -66
31.76 -67
31.77 -66
31.78 -67
31.79 -68
31.8 -67
31.81 -68
31.82 -68
31.84 -67
31.85 -67
31.86 -66
31.87 -67
31.88 -68
31.89 -68
31.9 -67
31.91 -67
31.92 -66
31.96 -66
31.97 -67
31.98 -68
31.99 -68
32.0 -67
32.01 -68
32.02 -67
32.03 -68
32.05 -68
32.06 -67
32.07 -68
32.08 -68
32.09 -68
32.1 -68
32.11 -67
32.12 -66
32.13 -67
32.15 -67
32.16 -66
32.17 -67
32.18 -68
32.19 -66
32.2 -67
32.21 -67
32.22 -67
32.23 -67
32.25 -68
32.26 -68
32.27 -67
32.28 -67
32.29 -68
32.3 -67
32.31 -67
32.32 -67
32.33 -67
32.35 -66
32.37 -66
32.38 -67
32.39 -67
32.4 -66
32.41 -66
32.42 -66
32.43 -67
32.44 -68
32.46 -68
32.47 -68
32.48 -69
32.49 -68
32.5 -66
32.51 -68
32.52 -68
32.53 -66
32.54 -68
32.56 -67
32.57 -66
32.58 -67
32.59 -66
32.6 -67
32.61 -68
32.62 -68
32.63 -67
32.64 -67
32.66 -67
32.67 -67
32.68 -67
32.69 -67
32.7 -67
32.71 -67
32.72 -68
32.73 -67
32.74 -66
32.76 -66
32.77 -66
32.78 -68
32.8 -68
32.81 -67
32.82 -68
32.83 -67
32.84 -67
32.85 -67
32.87 -66
32.88 -67
32.89 -67
32.9 -67
32.91 -67
32.92 -67
32.93 -67
32.94 -67
32.95 -70
32.97 -69
32.98 -68
32.99 -67
33.0 -68
33.01 -67
33.02 -69
33.03 -68
33.04 -68
33.05 -68
33.07 -68
33.08 -67
33.09 -68
33.1 -68
33.11 -68
33.12 -69
33.13 -70
33.14 -68
33.15 -68
33.17 -70
33.18 -69
33.19 -68
33.2 -68
33.22 -67
33.23 -69
33.24 -70
33.25 -68
33.26 -68
33.28 -69
33.29 -68
33.3 -68
33.31 -68
33.32 -69
33.33 -69
33.34 -68
33.35 -69
33.36 -70
33.38 -70
33.39 -70
33.4 -69
33.41 -70
33.42 -70
33.43 -70
33.44 -70
33.45 -70
33.46 -69
33.48 -70
33.49 -69
33.5 -70
33.51 -69
33.52 -70
33.53 -69
33.54 -71
33.55 -70
33.56 -70
33.58 -70
33.59 -70
33.6 -70
33.61 -70
33.63 -70
33.63 -70
33.65 -70
33.66 -70
33.67 -69
33.69 -71
33.7 -70
33.71 -70
33.72 -71
33.73 -70
33.74 -70
33.75 -70
33.76 -71
33.77 -71
33.79 -71
33.8 -71
33.81 -71
33.82 -71
33.83 -71
33.84 -71
33.85 -71
33.86 -71
33.87 -71
33.89 -69
33.9 -70
33.91 -70
33.92 -70
33.93 -71
33.94 -70
33.95 -71
33.96 -71
33.97 -70
33.99 -71
34.0 -71
34.01 -70
34.02 -71
34.03 -70
34.05 -70
34.05 -70
34.07 -71
34.08 -70
34.1 -71
34.11 -71
34.12 -71
34.13 -70
34.14 -71
34.15 -71
34.16 -71
34.17 -71
34.18 -71
34.2 -70
34.21 -70
34.22 -71
34.23 -70
34.24 -71
34.25 -71
34.26 -70
34.27 -70
34.28 -70
34.3 -71
34.31 -70
34.32 -71
34.33 -71
34.34 -71
34.35 -71
34.36 -71
34.37 -71
34.38 -71
34.4 -71
34.41 -71
34.42 -71
34.43 -71
34.44 -70
34.45 -72
34.46 -71
34.47 -71
34.48 -71
34.51 -72
34.52 -71
34.53 -71
34.54 -73
34.55 -72
34.56 -72
34.57 -73
34.58 -73
34.59 -72
34.61 -73
34.62 -72
34.63 -73
34.64 -73
34.65 -73
34.66 -72
34.67 -73
34.68 -73
34.69 -73
34.71 -73
34.72 -73
34.73 -73
34.74 -73
34.75 -73
34.76 -73
34.77 -73
34.78 -73
34.79 -73
34.81 -72
34.82 -73
34.83 -71
34.84 -73
34.85 -71
34.86 -73
34.87 -73
34.88 -72
34.89 -73
34.92 -72
34.93 -73
34.94 -74
34.95 -73
34.96 -73
34.97 -72
34.98 -73
34.99 -72
35.0 -73
35.02 -72
35.03 -72
35.04 -73
35.05 -72
35.06 -73
35.07 -73
35.08 -72
35.09 -73
35.1 -72
35.12 -72
35.13 -72
35.14 -71
35.15 -72
35.16 -72
35.17 -72
35.18 -72
35.19 -73
35.2 -72
35.22 -72
35.23 -73
35.24 -72
35.25 -72
35.26 -71
35.27 -72
35.28 -70
35.29 -72
35.3 -72
35.32 -73
35.33 -72
35.34 -72
35.36 -73
35.37 -72
35.38 -71
35.39 -73
35.4 -72
35.41 -72
35.43 -72
35.44 -71
35.45 -72
35.46 -72
35.47 -70
35.48 -72
35.49 -71
35.5 -70
35.51 -73
35.53 -72
35.54 -72
35.56 -71
35.57 -71
35.58 -71
35.59 -71
35.6 -72
35.61 -72
35.63 -71
35.64 -73
35.65 -71
35.66 -71
35.67 -71
35.68 -71
35.69 -71
35.7 -71
35.71 -71
35.73 -70
35.74 -71
35.75 -71
35.76 -70
35.77 -70
35.79 -71
35.8 -70
35.81 -70
35.82 -71
35.84 -70
35.85 -70
35.86 -69
35.87 -68
35.88 -70
35.89 -70
35.9 -69
35.91 -70
35.92 -68
35.94 -69
35.95 -69
35.96 -70
35.97 -69
35.98 -69
35.99 -70
36.0 -70
36.01 -70
36.02 -69
36.04 -70
36.05 -69
36.06 -69
36.07 -70
36.08 -68
36.09 -70
36.1 -69
36.11 -68
36.12 -69
36.14 -68
36.15 -68
36.16 -68
36.17 -68
36.18 -67
36.19 -68
36.21 -67
36.22 -69
36.23 -68
36.25 -67
36.26 -69
36.27 -68
36.28 -68
36.29 -66
36.3 -67
36.31 -67
36.32 -67
36.33 -68
36.35 -67
36.36 -67
36.37 -66
36.38 -67
36.39 -67
36.4 -67
36.41 -67
36.42 -68
36.43 -66
36.45 -67
36.46 -68
36.47 -67
36.48 -67
36.49 -67
36.5 -68
36.51 -67
36.52 -66
36.53 -67
36.55 -67
36.56 -67
36.57 -66
36.58 -67
36.59 -68
36.6 -67
36.61 -67
36.62 -66
36.64 -67
36.66 -67
36.67 -67
36.68 -68
36.69 -68
36.7 -67
36.71 -67
36.72 -67
36.73 -68
36.74 -68
36.76 -67
36.77 -68
36.78 -67
36.79 -68
36.8 -68
36.81 -68
36.82 -67
36.83 -68
36.84 -67
36.86 -67
36.87 -67
36.88 -69
36.89 -67
36.9 -67
36.91 -66
36.92 -68
36.93 -67
36.94 -67
36.95 -68
36.96 -68
36.97 -67
36.98 -67
36.99 -67
37.0 -66
37.01 -68
37.02 -68
37.03 -67
37.04 -67
37.07 -68
37.08 -69
37.09 -67
37.1 -66
37.11 -67
37.12 -67
37.13 -67
37.14 -68
37.15 -67
37.17 -67
37.18 -67
37.19 -68
37.2 -68
37.21 -67
37.22 -66
37.23 -67
37.24 -67
37.25 -67
37.27 -67
37.28 -66
37.29 -67
37.3 -67
37.31 -67
37.32 -67
37.33 -68
37.34 -67
37.35 -67
37.37 -68
37.38 -68
37.39 -66
37.4 -68
37.41 -67
37.42 -67
37.43 -66
37.44 -67
37.45 -68
37.47 -67
37.49 -68
37.5 -68
37.51 -66
37.52 -67
37.53 -68
37.54 -67
37.55 -67
37.56 -67
37.58 -67
37.59 -67
37.6 -67
37.61 -67
37.62 -67
37.63 -68
37.64 -67
37.65 -66
37.66 -67
37.68 -68
37.69 -67
37.7 -67
37.71 -66
37.72 -68
37.73 -67
37.74 -68
37.75 -67
37.76 -66
37.78 -67
37.79 -68
37.8 -67
37.81 -67
37.82 -67
37.83 -67
37.84 -67
37.85 -66
37.86 -66
37.88 -67
37.89 -66
37.9 -66
37.92 -67
37.93 -66
37.94 -65
37.95 -66
37.96 -65
37.97 -65
37.99 -66
38.0 -65
38.01 -66
38.02 -65
38.03 -65
38.04 -66
38.05 -66
38.06 -65
38.07 -65
38.09 -66
38.1 -65
38.11 -65
38.13 -65
38.14 -66
38.15 -66
38.16 -66
38.17 -66
38.19 -66
38.2 -66
38.21 -67
38.22 -65
38.23 -67
38.24 -66
38.25 -67
38.26 -67
38.27 -66
38.29 -67
38.3 -67
38.31 -67
38.33 -67
38.36 -66
38.37 -67
38.38 -66
38.4 -67
38.41 -67
38.42 -66
38.43 -66
38.44 -66
38.45 -66
38.46 -66
38.47 -67
38.48 -68
38.5 -67
38.51 -67
38.52 -67
38.53 -67
38.54 -66
38.55 -67
38.56 -67
38.59 -68
38.6 -68
38.61 -68
38.62 -68
38.63 -68
38.64 -67
38.65 -67
38.66 -67
38.67 -67
38.68 -66
38.7 -66
38.71 -67
38.72 -66
38.73 -66
38.74 -66
38.75 -66
38.77 -65
38.78 -66
38.79 -65
38.81 -65
38.82 -65
38.83 -65
38.84 -65
38.85 -65
38.86 -66
38.87 -65
38.88 -66
38.89 -66
38.91 -66
38.92 -65
38.93 -66
38.94 -66
38.95 -66
38.96 -66
38.97 -66
38.98 -67
38.99 -67
39.01 -67
39.02 -67
39.03 -67
39.04 -66
39.05 -67
39.06 -68
39.07 -67
39.08 -67
39.09 -67
39.11 -66
39.12 -66
39.13 -66
39.14 -66
39.15 -66
39.16 -67
39.17 -65
39.19 -66
39.2 -66
39.22 -66
39.23 -66
39.24 -66
39.25 -66
39.26 -66
39.27 -66
39.28 -66
39.29 -66
39.3 -67
39.32 -67
39.33 -66
39.34 -66
39.35 -66
39.36 -66
39.37 -66
39.38 -65
39.39 -66
39.4 -66
39.42 -66
39.43 -65
39.44 -66
39.45 -66
39.46 -66
39.47 -66
39.48 -66
39.49 -66
39.5 -67
39.52 -66
39.54 -65
39.55 -66
39.56 -66
39.57 -66
39.58 -66
39.59 -66
39.61 -65
39.63 -65
39.64 -65
39.65 -66
39.66 -66
39.67 -65
39.68 -67
39.69 -66
39.7 -66
39.71 -66
39.73 -66
39.74 -66
39.75 -66
39.76 -67
39.77 -66
39.78 -67
39.79 -66
39.8 -65
39.81 -66
39.83 -66
39.84 -67
39.85 -66
39.87 -67
39.88 -67
39.89 -67
39.9 -67
39.91 -66
39.93 -67
39.94 -67
39.95 -67
39.96 -67
39.97 -66
39.98 -67
39.99 -67
40.0 -67
40.01 -68
40.03 -67
40.05 -67
40.06 -67
40.07 -67
40.08 -67
40.09 -67
40.1 -68
40.11 -67
40.12 -68
40.14 -66
40.15 -69
40.16 -67
40.17 -67
40.18 -68
40.19 -68
40.2 -68
40.21 -67
40.22 -66
40.24 -68
40.25 -66
40.26 -68
40.27 -68
40.28 -68
40.29 -68
40.3 -67
40.31 -67
40.32 -68
40.34 -68
40.35 -69
40.36 -70
40.38 -67
40.39 -68
40.4 -69
40.41 -69
40.42 -70
40.45 -70
40.45 -70
40.46 -71
40.48 -71
40.68 -70
40.69 -70
40.69 -70
40.69 -70
40.69 -70
40.7 -70
40.7 -70
40.7 -70
40.71 -70
40.71 -71
40.72 -70
40.72 -71
40.72 -70
40.73 -70
40.73 -70
40.73 -71
40.74 -71
40.74 -71
40.75 -70
40.75 -68
40.75 -70
40.76 -71
40.76 -70
40.77 -72
40.77 -72
40.77 -72
40.78 -71
40.79 -71
40.8 -71
40.81 -71
40.82 -72
40.83 -72
40.84 -69
40.85 -73
40.86 -71
40.87 -69
40.88 -71
40.89 -71
40.91 -72
40.92 -72
40.93 -72
40.94 -73
40.96 -72
40.97 -71
40.98 -72
40.99 -73
41.0 -72
41.01 -69
41.02 -71
41.03 -71
41.04 -72
41.06 -72
41.07 -68
41.08 -71
41.09 -71
41.1 -71
41.11 -71
41.12 -72
41.13 -71
41.14 -71
41.16 -71
41.17 -71
41.18 -70
41.19 -70
41.2 -71
41.21 -70
41.22 -70
41.23 -70
41.24 -70
41.26 -69
41.27 -70
41.28 -70
41.29 -70
41.3 -71
41.31 -70
41.33 -70
41.34 -71
41.35 -70
41.37 -70
41.38 -70
41.39 -71
41.4 -71
41.41 -71
41.42 -70
41.43 -70
41.44 -71
41.45 -71
41.46 -68
41.47 -71
41.48 -71
41.49 -69
41.5 -72
41.51 -72
41.52 -71
41.53 -71
41.54 -71
41.55 -73
41.57 -72
41.58 -73
41.59 -73
41.6 -74
41.61 -73
41.62 -73
41.63 -74
41.64 -73
41.65 -73
41.67 -73
41.68 -74
41.69 -73
41.7 -74
41.71 -71
41.72 -74
41.73 -74
41.75 -74
41.76 -74
41.78 -74
41.79 -74
41.8 -74
41.81 -73
41.82 -73
41.83 -73
41.84 -73
41.85 -73
41.86 -73
41.88 -71
41.89 -70
41.9 -73
41.91 -69
41.92 -72
41.93 -72
41.94 -72
41.95 -73
41.96 -72
41.98 -72
41.99 -73
42.0 -73
42.01 -73
42.02 -73
42.03 -74
42.04 -71
42.05 -73
42.06 -74
42.07 -74
42.08 -73
42.09 -73
42.1 -74
42.11 -74
42.12 -74
42.13 -70
42.14 -74
42.16 -75
42.16 -74
42.19 -73
42.2 -74
42.21 -72
42.22 -75
42.23 -75
42.24 -74
42.25 -75
42.26 -74
42.27 -74
42.29 -74
42.3 -74
42.31 -75
42.32 -74
42.33 -71
42.34 -74
42.35 -74
42.36 -74
42.37 -74
42.39 -73
42.4 -74
42.41 -73
42.42 -74
42.43 -73
42.44 -73
42.45 -74
42.46 -74
42.47 -74
42.49 -74
42.5 -73
42.51 -73
42.52 -70
42.53 -73
42.54 -73
42.55 -68
42.56 -73
42.57 -73
42.61 -72
42.62 -73
42.63 -73
42.64 -73
42.65 -72
42.66 -73
42.67 -72
42.68 -71
42.69 -71
42.7 -72
42.71 -72
42.72 -71
42.73 -71
42.74 -72
42.75 -72
42.76 -71
42.77 -71
42.78 -72
42.8 -70
42.81 -71
42.82 -71
42.83 -70
42.84 -70
42.85 -70
42.86 -70
42.87 -71
42.88 -66
42.9 -71
42.91 -70
42.92 -70
42.93 -70
42.94 -71
42.95 -70
42.96 -70
42.97 -69
43.0 -71
43.01 -70
43.03 -70
43.04 -70
43.05 -70
43.06 -70
43.07 -70
43.08 -69
43.09 -71
43.11 -69
43.12 -69
43.13 -71
43.14 -69
43.15 -69
43.16 -69
43.17 -69
43.18 -70
43.19 -69
43.21 -69
43.22 -70
43.23 -70
43.24 -70
43.25 -70
43.26 -70
43.27 -71
43.28 -71
43.29 -70
43.31 -71
43.32 -70
43.33 -70
43.34 -70
43.35 -70
43.36 -70
43.37 -73
43.38 -71
43.39 -72
43.41 -72
43.42 -72
43.43 -72
43.44 -72
43.45 -73
43.47 -73
43.48 -73
43.49 -73
43.5 -73
43.52 -72
43.53 -71
43.54 -71
43.55 -71
43.56 -70
43.57 -72
43.58 -72
43.59 -73
43.6 -72
43.62 -73
43.63 -72
43.64 -71
43.65 -70
43.66 -71
43.67 -71
43.68 -71
43.69 -70
43.7 -72
43.72 -70
43.73 -71
43.74 -70
43.75 -71
43.76 -71
43.77 -70
43.78 -69
43.79 -70
43.8 -71
43.82 -71
43.83 -70
43.84 -70
43.85 -70
43.86 -70
43.87 -70
43.89 -71
43.9 -71
43.91 -71
43.93 -70
43.94 -70
43.95 -67
43.96 -71
43.97 -70
43.98 -71
43.99 -70
44.0 -70
44.01 -69
44.03 -70
44.04 -70
44.05 -70
44.06 -70
44.07 -70
44.08 -70
44.09 -71
44.1 -70
44.11 -70
44.13 -70
44.14 -70
44.15 -71
44.16 -72
44.17 -70
44.18 -71
44.19 -71
44.2 -70
44.21 -72
44.23 -72
44.24 -72
44.25 -73
44.26 -73
44.27 -70
44.28 -73
44.29 -74
44.31 -73
44.32 -73
44.34 -72
44.35 -72
44.36 -73
44.37 -71
44.38 -73
44.39 -73
44.4 -71
44.41 -73
44.42 -73
44.44 -73
44.45 -74
44.46 -74
44.47 -74
44.48 -73
44.49 -74
44.5 -74
44.51 -73
44.52 -73
44.54 -73
44.55 -74
44.56 -71
44.57 -74
44.58 -74
44.59 -73
44.6 -74
44.61 -74
44.62 -70
44.64 -74
44.65 -73
44.66 -75
44.67 -73
44.68 -74
44.69 -74
44.7 -75
44.71 -74
44.72 -72
44.75 -74
44.76 -74
44.77 -75
44.78 -74
44.79 -75
44.8 -75
44.81 -75
44.82 -73
44.83 -74
44.85 -70
44.86 -71
44.87 -74
44.88 -74
44.89 -74
44.9 -74
44.91 -73
44.92 -75
44.93 -73
44.95 -74
44.96 -74
44.97 -74
44.98 -74
44.99 -74
45.0 -73
45.01 -71
45.02 -73
45.03 -73
45.05 -73
45.06 -73
45.07 -73
45.08 -73
45.09 -73
45.1 -73
45.11 -72
45.12 -72
45.13 -73
45.15 -73
45.17 -72
45.18 -73
45.19 -73
45.2 -73
45.21 -71
45.22 -72
45.23 -73
45.24 -71
45.26 -72
45.27 -70
45.28 -71
45.29 -71
45.3 -70
45.31 -69
45.32 -71
45.33 -71
45.34 -71
45.36 -71
45.37 -70
45.38 -70
45.39 -70
45.4 -70
45.41 -71
45.42 -70
45.43 -70
45.44 -70
45.46 -70
45.47 -70
45.48 -70
45.49 -70
45.5 -70
45.51 -70
45.52 -69
45.53 -70
45.54 -71
45.56 -71
45.57 -70
45.58 -70
45.6 -70
45.61 -71
45.62 -70
45.63 -71
45.64 -70
45.65 -71
45.66 -70
45.67 -71
45.68 -70
45.69 -68
45.7 -70
45.71 -71
45.72 -70
45.73 -71
45.74 -70
45.75 -71
45.77 -72
45.78 -70
45.79 -71
45.8 -71
45.81 -72
45.82 -71
45.83 -72
45.84 -71
45.85 -69
45.87 -71
45.88 -70
45.89 -70
45.9 -72
45.91 -71
45.92 -71
45.93 -71
45.94 -72
45.95 -71
45.97 -71
45.98 -73
45.99 -71
46.0 -71
46.02 -72
46.03 -71
46.04 -71
46.05 -70
46.06 -72
46.08 -71
46.09 -72
46.1 -71
46.11 -72
46.12 -72
46.13 -72
46.14 -71
46.15 -72
46.16 -73
46.17 -71
46.18 -73
46.19 -72
46.2 -73
46.21 -72
46.22 -73
46.23 -72
46.24 -72
46.25 -73
46.26 -73
46.28 -74
46.29 -73
46.3 -73
46.31 -72
46.32 -72
46.33 -71
46.34 -71
46.35 -73
46.36 -71
46.38 -73
46.39 -72
46.4 -71
46.41 -73
46.42 -72
46.43 -72
46.45 -72
46.46 -70
46.47 -70
46.49 -72
46.5 -71
46.51 -70
46.52 -71
46.53 -70
46.54 -71
46.55 -71
46.56 -71
46.57 -71
46.59 -70
46.6 -71
46.61 -71
46.62 -72
46.63 -71
46.64 -71
46.65 -71
46.66 -71
46.67 -72
46.69 -71
46.7 -72
46.71 -72
46.72 -72
46.73 -72
46.74 -72
46.75 -73
46.76 -72
46.77 -72
46.79 -71
46.8 -72
46.81 -72
46.82 -73
46.83 -72
46.84 -71
46.85 -70
46.86 -70
46.88 -71
46.9 -71
46.91 -71
46.92 -71
46.93 -70
46.94 -70
46.95 -70
46.96 -70
46.97 -71
46.98 -70
47.0 -70
47.01 -70
47.02 -70
47.03 -69
47.04 -71
47.05 -71
47.06 -70
47.07 -70
47.08 -70
47.1 -70
47.11 -70
47.12 -70
47.13 -69
47.14 -70
47.15 -70
47.16 -69
47.17 -69
47.18 -69
47.2 -70
47.21 -70
47.22 -69
47.23 -69
47.24 -70
47.25 -69
47.26 -69
47.28 -70
47.28 -69
47.32 -70
47.33 -69
47.34 -69
47.35 -69
47.36 -69
47.37 -69
47.38 -67
47.39 -68
47.4 -68
47.41 -68
47.42 -68
47.43 -69
47.44 -68
47.45 -68
47.46 -69
47.47 -68
47.48 -68
47.49 -68
47.51 -67
47.52 -68
47.53 -67
47.54 -68
47.55 -68
47.56 -67
47.57 -68
47.58 -67
47.59 -68
47.61 -68
47.62 -68
47.63 -68
47.64 -68
47.65 -67
47.66 -67
47.67 -67
47.68 -67
47.69 -67
47.71 -67
47.73 -66
47.74 -67
47.75 -67
47.76 -68
47.77 -67
47.78 -67
47.79 -68
47.8 -67
47.82 -67
47.83 -67
47.84 -67
47.85 -68
47.86 -67
47.87 -67
47.88 -67
47.89 -68
47.9 -67
47.92 -67
47.93 -68
47.94 -67
47.95 -67
47.96 -67
47.97 -67
47.98 -68
47.99 -67
48.0 -67
48.02 -68
48.03 -67
48.04 -68
48.05 -68
48.06 -67
48.07 -68
48.08 -66
48.09 -67
48.1 -68
48.12 -67
48.13 -68
48.15 -68
48.16 -68
48.17 -68
48.18 -68
48.19 -68
48.2 -68
48.21 -68
48.23 -67
48.24 -69
48.25 -68
48.26 -69
48.27 -69
48.28 -68
48.29 -68
48.3 -68
48.31 -68
48.33 -68
48.34 -68
48.35 -68
48.36 -67
48.37 -68
48.38 -68
48.39 -69
48.4 -69
48.41 -67
48.43 -68
48.44 -68
48.45 -69
48.46 -69
48.47 -68
48.48 -69
48.49 -69
48.5 -68
48.51 -69
48.53 -68
48.54 -68
48.55 -69
48.57 -69
48.58 -69
48.59 -69
48.6 -69
48.61 -69
48.62 -69
48.64 -70
48.65 -69
48.66 -70
48.67 -69
48.68 -69
48.69 -69
48.7 -68
48.71 -69
48.74 -70
48.75 -70
48.76 -70
48.77 -70
48.78 -69
48.79 -70
48.8 -69
48.81 -70
48.82 -70
48.84 -70
48.85 -69
48.86 -70
48.87 -70
48.88 -70
48.89 -71
48.9 -70
48.91 -70
48.92 -68
48.95 -70
48.96 -69
48.97 -70
48.99 -71
49.0 -70
49.01 -70
49.02 -70
49.03 -70
49.05 -70
49.06 -70
49.07 -67
49.08 -70
49.09 -71
49.1 -71
49.11 -71
49.12 -71
49.13 -70
49.15 -70
49.16 -71
49.17 -70
49.18 -70
49.19 -70
49.2 -71
49.21 -70
49.22 -71
49.23 -70
49.25 -70
49.26 -71
49.27 -71
49.28 -70
49.29 -70
49.3 -71
49.31 -70
49.32 -70
49.33 -71
49.35 -71
49.36 -71
49.38 -69
49.38 -72
49.39 -71
49.4 -71
49.41 -71
49.43 -71
49.44 -71
49.46 -71
49.47 -70
49.48 -70
49.49 -71
49.5 -71
49.51 -71
49.52 -71
49.53 -71
49.54 -70
49.56 -71
49.57 -70
49.58 -70
49.59 -71
49.6 -71
49.61 -70
49.62 -71
49.63 -70
49.64 -71
49.67 -70
49.68 -72
49.69 -71
49.7 -71
49.71 -70
49.72 -72
49.73 -70
49.74 -71
49.76 -71
49.77 -71
49.78 -71
49.79 -71
49.8 -72
49.81 -71
49.82 -71
49.83 -72
49.84 -72
49.87 -71
49.88 -71
49.89 -71
49.9 -72
49.91 -71
49.92 -71
49.93 -72
49.94 -73
49.95 -71
49.97 -72
49.98 -72
49.99 -70
50.0 -72
50.01 -72
50.02 -71
50.03 -71
50.04 -73
50.05 -71
50.07 -72
50.08 -72
50.09 -72
50.1 -72
50.11 -71
50.12 -72
50.13 -73
50.14 -73
50.15 -73
50.17 -73
50.18 -72
50.19 -73
50.2 -72
50.21 -71
50.22 -72
50.23 -72
50.24 -73
50.25 -73
50.26 -71
50.27 -72
50.29 -73
50.3 -72
50.31 -73
50.32 -72
50.33 -72
50.34 -73
50.35 -70
50.36 -73
50.38 -71
50.39 -72
50.4 -73
50.41 -71
50.42 -73
50.43 -73
50.44 -70
50.45 -73
50.46 -73
50.48 -69
50.49 -73
50.5 -73
50.51 -73
50.52 -72
50.53 -73
50.54 -73
50.55 -72
50.56 -72
50.58 -73
50.59 -73
50.6 -73
50.61 -73
50.62 -73
50.63 -72
50.64 -73
50.65 -73
50.66 -72
50.68 -73
50.7 -74
50.71 -72
50.72 -72
50.73 -73
50.74 -73
50.75 -71
50.76 -73
50.77 -73
50.79 -73
50.8 -73
50.81 -72
50.82 -73
50.83 -73
50.84 -72
50.85 -73
50.86 -72
50.87 -73
50.89 -72
50.9 -73
50.91 -73
50.92 -73
50.93 -73
50.94 -74
50.95 -73
50.96 -73
50.97 -73
50.99 -73
51.0 -74
51.01 -73
51.02 -74
51.03 -73
51.04 -73
51.05 -73
51.06 -73
51.07 -73
51.09 -73
51.1 -73
51.12 -72
51.12 -73
51.14 -73
51.15 -74
51.16 -73
51.17 -73
51.18 -73
51.2 -72
51.21 -72
51.22 -73
51.23 -74
51.24 -73
51.25 -71
51.26 -73
51.27 -73
51.28 -72
51.3 -73
51.31 -69
51.32 -73
51.34 -73
51.35 -73
51.36 -73
51.37 -74
51.38 -73
51.4 -73
51.41 -73
51.42 -73
51.44 -72
51.45 -72
51.46 -73
51.47 -71
51.48 -72
51.5 -72
51.51 -71
51.52 -72
51.53 -71
51.54 -72
51.55 -72
51.57 -71
51.58 -72
51.59 -72
51.61 -71
51.62 -72
51.63 -71
51.64 -69
51.65 -69
51.66 -71
51.67 -72
51.68 -71
51.69 -70
51.71 -70
51.72 -70
51.74 -71
51.75 -70
51.76 -70
51.77 -71
51.78 -70
51.79 -72
51.81 -69
51.82 -71
52.08 -70
52.09 -70
52.09 -70
52.09 -71
52.1 -70
52.1 -70
52.11 -70
52.11 -70
52.11 -70
52.12 -70
52.12 -70
52.13 -69
52.13 -69
52.14 -71
52.14 -70
52.15 -68
52.15 -70
52.15 -69
52.16 -69
52.16 -70
52.16 -69
52.17 -69
52.17 -70
52.18 -70
52.18 -69
52.19 -69
52.19 -69
52.19 -70
52.2 -69
52.2 -68
52.2 -69
52.2 -70
52.22 -69
52.23 -69
52.24 -70
52.25 -70
52.26 -70
52.27 -70
52.28 -70
52.29 -70
52.3 -71
52.32 -71
52.33 -71
52.34 -71
52.35 -71
52.36 -70
52.37 -70
52.38 -71
52.39 -70
52.41 -69
52.43 -71
52.44 -72
52.45 -71
52.46 -71
52.47 -71
52.48 -71
52.49 -71
52.5 -71
52.51 -73
52.53 -73
52.54 -72
52.55 -70
52.56 -73
52.57 -72
52.58 -73
52.59 -73
52.6 -73
52.61 -72
52.63 -72
52.64 -73
52.65 -73
52.66 -74
52.67 -73
52.68 -71
52.69 -74
52.7 -74
52.71 -73
52.73 -73
52.74 -74
52.75 -74
52.76 -74
52.77 -74
52.78 -74
52.79 -71
52.8 -74
52.81 -74
52.83 -74
52.85 -73
52.86 -73
52.87 -74
52.88 -73
52.89 -74
52.9 -74
52.91 -73
52.92 -73
52.94 -74
52.95 -73
52.96 -75
52.97 -74
52.98 -74
52.99 -73
53.0 -73
53.01 -74
53.02 -74
53.04 -74
53.05 -73
53.06 -74
53.07 -74
53.08 -73
53.09 -73
53.1 -73
53.11 -74
53.12 -74
53.14 -74
53.15 -74
53.16 -74
53.17 -74
53.18 -74
53.19 -73
53.2 -74
53.21 -73
53.22 -73
53.25 -74
53.26 -75
53.28 -73
53.29 -73
53.3 -73
53.31 -74
53.32 -75
53.33 -74
53.35 -73
53.36 -73
53.37 -73
53.38 -73
53.39 -73
53.4 -73
53.41 -74
53.42 -74
53.43 -73
53.45 -73
53.46 -74
53.47 -73
53.48 -73
53.49 -74
53.5 -74
53.51 -73
53.52 -73
53.53 -73
53.55 -73
53.56 -72
53.57 -73
53.58 -72
53.59 -73
53.6 -73
53.61 -72
53.62 -73
53.63 -73
53.65 -73
53.66 -69
53.67 -72
53.68 -72
53.7 -69
53.71 -73
53.72 -72
53.73 -72
53.74 -73
53.76 -73
53.77 -72
53.78 -71
53.79 -73
53.8 -73
53.81 -73
53.82 -72
53.83 -73
53.84 -72
53.86 -70
53.87 -73
53.88 -72
53.89 -71
53.9 -73
53.91 -73
53.92 -73
53.93 -73
53.94 -72
53.96 -72
53.97 -71
53.98 -71
53.99 -72
54.0 -71
54.01 -71
54.02 -71
54.03 -72
54.04 -71
54.05 -69
54.06 -71
54.07 -70
54.08 -71
54.09 -71
54.1 -71
54.12 -69
54.13 -71
54.14 -71
54.15 -71
54.17 -69
54.18 -71
54.19 -71
54.2 -71
54.21 -71
54.22 -69
54.23 -71
54.24 -71
54.25 -69
54.27 -71
54.28 -71
54.29 -71
54.3 -71
54.31 -69
54.32 -70
54.33 -70
54.34 -71
54.35 -71
54.37 -71
54.38 -70
54.39 -70
54.4 -71
54.41 -70
54.42 -70
54.43 -69
54.44 -70
54.45 -70
54.47 -68
54.48 -69
54.49 -69
54.5 -69
54.51 -70
54.52 -70
54.54 -67
54.54 -70
54.56 -70
54.58 -70
54.59 -70
54.6 -71
54.61 -69
54.62 -69
54.63 -70
54.64 -69
54.65 -70
54.66 -70
54.67 -67
54.68 -70
54.69 -69
54.7 -69
54.71 -69
54.72 -69
54.73 -69
54.74 -69
54.75 -70
54.76 -69
54.78 -70
54.79 -70
54.8 -70
54.81 -70
54.82 -70
54.83 -70
54.84 -70
54.85 -69
54.86 -70
54.88 -70
54.89 -68
54.9 -69
54.91 -69
54.92 -69
54.93 -70
54.94 -70
54.96 -69
54.97 -70
54.99 -69
55.0 -69
55.01 -70
55.02 -70
55.03 -70
55.04 -69
55.05 -70
55.06 -70
55.07 -70
55.09 -68
55.1 -70
55.11 -70
55.12 -69
55.13 -70
55.14 -70
55.15 -68
55.16 -70
55.17 -69
55.19 -69
55.2 -68
55.21 -69
55.22 -68
55.23 -68
55.24 -68
55.25 -67
55.26 -68
55.27 -67
55.29 -67
55.3 -67
55.31 -67
55.32 -66
55.33 -66
55.34 -66
55.35 -66
55.36 -66
55.37 -66
55.4 -65
55.41 -65
55.42 -65
55.43 -65
55.44 -65
55.45 -65
55.46 -65
55.47 -65
55.48 -65
55.5 -65
55.51 -65
55.52 -65
55.53 -65
55.54 -64
55.55 -65
55.56 -64
55.57 -64
55.58 -64
55.6 -66
55.61 -65
55.62 -65
55.63 -65
55.64 -66
55.65 -65
55.66 -66
55.67 -66
55.68 -66
55.7 -66
55.71 -66
55.72 -66
55.73 -67
55.74 -66
55.75 -66
55.76 -66
55.77 -66
55.78 -66
55.8 -66
55.81 -67
55.83 -66
55.84 -66
55.85 -66
55.86 -67
55.87 -67
55.88 -67
55.89 -67
55.91 -66
55.92 -66
55.93 -66
55.94 -67
55.95 -67
55.96 -66
55.97 -67
55.98 -66
55.99 -66
56.01 -66
56.02 -65
56.03 -67
56.04 -66
56.05 -66
56.06 -66
56.07 -66
56.08 -66
56.09 -66
56.11 -66
56.12 -66
56.13 -67
56.14 -67
56.15 -66
56.16 -66
56.17 -66
56.18 -66
56.19 -66
56.21 -66
56.22 -66
56.23 -66
56.25 -67
56.26 -67
56.27 -66
56.28 -67
56.29 -67
56.3 -66
56.32 -66
56.33 -66
56.34 -67
56.35 -66
56.36 -67
56.37 -66
56.38 -66
56.39 -66
56.4 -67
56.42 -65
56.43 -67
56.44 -66
56.45 -67
56.46 -67
56.47 -67
56.48 -67
56.49 -66
56.5 -67
56.52 -66
56.53 -66
56.54 -66
56.55 -67
56.56 -66
56.57 -67
56.58 -66
56.59 -66
56.6 -66
56.62 -66
56.63 -67
56.64 -67
56.65 -67
56.67 -67
56.67 -67
56.69 -67
56.7 -66
56.71 -66
56.73 -67
56.74 -67
56.75 -66
56.76 -66
56.77 -67
56.78 -67
56.79 -67
56.8 -67
56.81 -67
56.83 -67
56.84 -68
56.85 -67
56.86 -66
56.87 -67
56.88 -67
56.89 -66
56.9 -67
56.91 -67
56.93 -67
56.94 -66
56.95 -67
56.96 -67
56.97 -66
56.98 -67
56.99 -66
57.0 -66
57.01 -66
57.03 -66
57.04 -67
57.05 -66
57.06 -66
57.07 -66
57.09 -67
57.09 -66
57.11 -67
57.12 -66
57.14 -66
57.15 -67
57.16 -67
57.17 -67
57.18 -67
57.19 -66
57.2 -66
57.21 -67
57.22 -67
57.24 -67
57.25 -68
57.26 -68
57.27 -67
57.28 -67
57.29 -68
57.3 -68
57.31 -68
57.32 -67
57.34 -68
57.35 -69
57.36 -68
57.37 -68
57.38 -68
57.39 -70
57.4 -70
57.41 -68
57.42 -69
57.44 -68
57.45 -70
57.46 -70
57.47 -70
57.48 -69
57.49 -69
57.5 -69
57.51 -70
57.52 -70
57.55 -70
57.56 -70
57.57 -70
57.58 -70
57.59 -70
57.6 -70
57.61 -69
57.62 -70
57.63 -69
57.65 -70
57.66 -70
57.67 -69
57.68 -70
57.69 -70
57.7 -71
57.71 -70
57.72 -68
57.73 -70
57.75 -70
57.76 -70
57.77 -70
57.78 -70
57.79 -70
57.8 -70
57.81 -70
57.82 -70
57.83 -70
57.85 -70
57.86 -70
57.87 -70
57.88 -70
57.89 -70
57.9 -69
57.91 -70
57.92 -70
57.93 -69
57.95 -71
57.97 -70
57.98 -69
57.99 -70
58.0 -70
58.01 -69
58.02 -70
58.03 -68
58.04 -69
58.06 -70
58.07 -70
58.08 -70
58.09 -70
58.1 -70
58.11 -69
58.12 -69
58.13 -69
58.14 -70
58.16 -70
58.17 -68
58.18 -68
58.19 -68
58.2 -68
58.21 -68
58.22 -67
58.23 -70
58.24 -69
58.26 -70
58.27 -68
58.28 -68
58.29 -68
58.3 -68
58.31 -68
58.32 -69
58.33 -69
58.34 -68
58.36 -68
58.37 -68
58.39 -68
58.4 -68
58.41 -68
58.42 -68
58.43 -67
58.44 -68
58.45 -67
58.47 -68
58.48 -68
58.49 -68
58.5 -68
58.51 -69
58.52 -68
58.53 -68
58.54 -68
58.55 -68
58.57 -67
58.58 -68
58.59 -68
58.6 -68
58.61 -67
58.62 -68
58.63 -69
58.64 -67
58.65 -68
58.67 -67
58.68 -68
58.69 -68
58.7 -68
58.71 -68
58.72 -68
58.73 -68
58.74 -68
58.75 -68
58.77 -67
58.79 -67
58.79 -67
58.8 -67
58.82 -68
58.83 -68
58.84 -68
58.85 -67
58.86 -68
58.88 -67
58.89 -67
58.9 -67
58.91 -67
58.92 -68
58.93 -67
58.94 -67
58.95 -68
58.96 -68
58.98 -67
58.99 -67
59.0 -67
59.01 -67
59.02 -68
59.03 -67
59.04 -68
59.05 -67
59.06 -67
59.08 -67
59.09 -66
59.1 -67
59.11 -67
59.12 -66
59.13 -67
59.14 -67
59.15 -67
59.16 -67
59.18 -66
59.19 -67
59.2 -67
59.21 -66
59.22 -66
59.24 -66
59.25 -66
59.26 -67
59.27 -67
59.29 -67
59.3 -67
59.31 -67
59.32 -67
59.33 -67
59.34 -67
59.35 -67
59.36 -66
59.37 -67
59.39 -67
59.4 -68
59.41 -67
59.42 -68
59.43 -67
59.44 -67
59.45 -68
59.46 -68
59.47 -68
59.49 -67
59.5 -67
59.51 -67
59.52 -68
59.53 -67
59.54 -65
59.55 -68
59.56 -67
59.57 -67
59.59 -67
59.6 -66
59.61 -67
59.62 -68
59.63 -68
59.64 -67
59.65 -67
59.67 -67
59.68 -68
59.7 -68
59.71 -67
59.72 -68
59.73 -68
59.74 -68
59.75 -68
59.76 -68
59.77 -67
59.78 -69
59.8 -68
59.81 -68
59.82 -67
59.83 -68
59.84 -68
59.85 -68
59.86 -68
59.87 -68
59.88 -68
59.9 -68
59.91 -68
59.92 -68
59.93 -68
59.94 -68
59.95 -68
59.96 -68
59.97 -67
59.98 -68
